Time(sec)	CellId	BwpId	IMSI	pathLoss(dB)
0	1	0	1	-98.2692
0.005	1	0	1	-98.2692
0.01	1	0	1	-98.2692
0.015	1	0	1	-98.2692
0.02	1	0	1	-98.2692
0.025	1	0	1	-98.2692
0.03	1	0	1	-98.2692
0.035	1	0	1	-98.2692
0.04	1	0	1	-98.2692
0.045	1	0	1	-98.2692
0.048	1	0	1	-98.2692
0.05	1	0	1	-98.2692
0.055	1	0	1	-98.2692
0.06	1	0	1	-98.2692
0.065	1	0	1	-98.2692
0.07	1	0	1	-98.2692
0.075	1	0	1	-98.2692
0.08	1	0	1	-98.2692
0.085	1	0	1	-98.2692
0.09	1	0	1	-98.2692
0.095	1	0	1	-98.2692
0.1	1	0	1	-98.2692
0.105	1	0	1	-98.2692
0.11	1	0	1	-98.2692
0.115	1	0	1	-98.2692
0.12	1	0	1	-98.2692
0.125	1	0	1	-98.2692
0.128	1	0	1	-98.2692
0.13	1	0	1	-98.2692
0.135	1	0	1	-98.2692
0.14	1	0	1	-98.2692
0.145	1	0	1	-98.2692
0.15	1	0	1	-98.2692
0.155	1	0	1	-98.2692
0.16	1	0	1	-98.2692
0.165	1	0	1	-98.2692
0.17	1	0	1	-98.2692
0.175	1	0	1	-98.2692
0.18	1	0	1	-98.2692
0.185	1	0	1	-98.2692
0.19	1	0	1	-98.2692
0.195	1	0	1	-98.2692
0.2	1	0	1	-98.2692
0.205	1	0	1	-98.2692
0.208	1	0	1	-98.2692
0.21	1	0	1	-98.2692
0.215	1	0	1	-98.2692
0.22	1	0	1	-98.2692
0.225	1	0	1	-98.2692
0.23	1	0	1	-98.2692
0.235	1	0	1	-98.2692
0.24	1	0	1	-98.2692
0.245	1	0	1	-98.2692
0.25	1	0	1	-98.2692
0.255	1	0	1	-98.2692
0.26	1	0	1	-98.2692
0.265	1	0	1	-98.2692
0.27	1	0	1	-98.2692
0.275	1	0	1	-98.2692
0.28	1	0	1	-98.2692
0.285	1	0	1	-98.2692
0.288	1	0	1	-98.2692
0.29	1	0	1	-98.2692
0.295	1	0	1	-98.2692
0.3	1	0	1	-98.2692
0.305	1	0	1	-98.2692
0.31	1	0	1	-98.2692
0.315	1	0	1	-98.2692
0.32	1	0	1	-98.2692
0.325	1	0	1	-98.2692
0.33	1	0	1	-98.2692
0.335	1	0	1	-98.2692
0.34	1	0	1	-98.2692
0.345	1	0	1	-98.2692
0.35	1	0	1	-98.2692
0.355	1	0	1	-98.2692
0.36	1	0	1	-98.2692
0.365	1	0	1	-98.2692
0.368	1	0	1	-98.2692
0.37	1	0	1	-98.2692
0.375	1	0	1	-98.2692
0.38	1	0	1	-98.2692
0.385	1	0	1	-98.2692
0.39	1	0	1	-98.2692
0.395	1	0	1	-98.2692
0.4	1	0	1	-98.2692
0.403	1	0	1	-98.2692
0.403071	1	0	1	-98.2692
0.404	1	0	1	-98.2692
0.404071	1	0	1	-98.2692
0.405	1	0	1	-98.2692
0.405071	1	0	1	-98.2692
0.406	1	0	1	-98.2692
0.406071	1	0	1	-98.2692
0.407	1	0	1	-98.2692
0.407071	1	0	1	-98.2692
0.408	1	0	1	-98.2692
0.408071	1	0	1	-98.2692
0.409	1	0	1	-98.2692
0.409071	1	0	1	-98.2692
0.41	1	0	1	-98.2692
0.410071	1	0	1	-98.2692
0.411	1	0	1	-98.2692
0.411071	1	0	1	-98.2692
0.412	1	0	1	-98.2692
0.412071	1	0	1	-98.2692
0.413	1	0	1	-98.2692
0.413071	1	0	1	-98.2692
0.414	1	0	1	-98.2692
0.414071	1	0	1	-98.2692
0.415	1	0	1	-98.2692
0.415071	1	0	1	-98.2692
0.416	1	0	1	-98.2692
0.416071	1	0	1	-98.2692
0.417	1	0	1	-98.2692
0.417071	1	0	1	-98.2692
0.418	1	0	1	-98.2692
0.418071	1	0	1	-98.2692
0.419	1	0	1	-98.2692
0.419071	1	0	1	-98.2692
0.42	1	0	1	-98.2692
0.420071	1	0	1	-98.2692
0.421	1	0	1	-98.2692
0.421071	1	0	1	-98.2692
0.422	1	0	1	-98.2692
0.422071	1	0	1	-98.2692
0.423	1	0	1	-98.2692
0.423071	1	0	1	-98.2692
0.424	1	0	1	-98.2692
0.424071	1	0	1	-98.2692
0.425	1	0	1	-98.2692
0.425071	1	0	1	-98.2692
0.426	1	0	1	-98.2692
0.426071	1	0	1	-98.2692
0.427	1	0	1	-98.2692
0.427071	1	0	1	-98.2692
0.428	1	0	1	-98.2692
0.428071	1	0	1	-98.2692
0.429	1	0	1	-98.2692
0.429071	1	0	1	-98.2692
0.43	1	0	1	-98.2692
0.430071	1	0	1	-98.2692
0.431	1	0	1	-98.2692
0.431071	1	0	1	-98.2692
0.432	1	0	1	-98.2692
0.432071	1	0	1	-98.2692
0.433	1	0	1	-98.2692
0.433071	1	0	1	-98.2692
0.434	1	0	1	-98.2692
0.434071	1	0	1	-98.2692
0.435	1	0	1	-98.2692
0.435071	1	0	1	-98.2692
0.436	1	0	1	-98.2692
0.436071	1	0	1	-98.2692
0.437	1	0	1	-98.2692
0.437071	1	0	1	-98.2692
0.438	1	0	1	-98.2692
0.438071	1	0	1	-98.2692
0.439	1	0	1	-98.2692
0.439071	1	0	1	-98.2692
0.44	1	0	1	-98.2692
0.440071	1	0	1	-98.2692
0.441	1	0	1	-98.2692
0.441071	1	0	1	-98.2692
0.442	1	0	1	-98.2692
0.442071	1	0	1	-98.2692
0.443	1	0	1	-98.2692
0.443071	1	0	1	-98.2692
0.444	1	0	1	-98.2692
0.444071	1	0	1	-98.2692
0.445	1	0	1	-98.2692
0.445071	1	0	1	-98.2692
0.446	1	0	1	-98.2692
0.446071	1	0	1	-98.2692
0.447	1	0	1	-98.2692
0.447071	1	0	1	-98.2692
0.448	1	0	1	-98.2692
0.448071	1	0	1	-98.2692
0.449	1	0	1	-98.2692
0.449071	1	0	1	-98.2692
0.45	1	0	1	-98.2692
0.450071	1	0	1	-98.2692
0.451	1	0	1	-98.2692
0.451071	1	0	1	-98.2692
0.452	1	0	1	-98.2692
0.452071	1	0	1	-98.2692
0.453	1	0	1	-98.2692
0.453071	1	0	1	-98.2692
0.454	1	0	1	-98.2692
0.454071	1	0	1	-98.2692
0.455	1	0	1	-98.2692
0.455071	1	0	1	-98.2692
0.456	1	0	1	-98.2692
0.456071	1	0	1	-98.2692
0.457	1	0	1	-98.2692
0.457071	1	0	1	-98.2692
0.458	1	0	1	-98.2692
0.458071	1	0	1	-98.2692
0.459	1	0	1	-98.2692
0.459071	1	0	1	-98.2692
0.46	1	0	1	-98.2692
0.460071	1	0	1	-98.2692
0.461	1	0	1	-98.2692
0.461071	1	0	1	-98.2692
0.462	1	0	1	-98.2692
0.462071	1	0	1	-98.2692
0.463	1	0	1	-98.2692
0.463071	1	0	1	-98.2692
0.464	1	0	1	-98.2692
0.464071	1	0	1	-98.2692
0.465	1	0	1	-98.2692
0.465071	1	0	1	-98.2692
0.466	1	0	1	-98.2692
0.466071	1	0	1	-98.2692
0.467	1	0	1	-98.2692
0.467071	1	0	1	-98.2692
0.468	1	0	1	-98.2692
0.468071	1	0	1	-98.2692
0.469	1	0	1	-98.2692
0.469071	1	0	1	-98.2692
0.47	1	0	1	-98.2692
0.470071	1	0	1	-98.2692
0.471	1	0	1	-98.2692
0.471071	1	0	1	-98.2692
0.472	1	0	1	-98.2692
0.472071	1	0	1	-98.2692
0.473	1	0	1	-98.2692
0.473071	1	0	1	-98.2692
0.474	1	0	1	-98.2692
0.474071	1	0	1	-98.2692
0.475	1	0	1	-98.2692
0.475071	1	0	1	-98.2692
0.476	1	0	1	-98.2692
0.476071	1	0	1	-98.2692
0.477	1	0	1	-98.2692
0.477071	1	0	1	-98.2692
0.478	1	0	1	-98.2692
0.478071	1	0	1	-98.2692
0.479	1	0	1	-98.2692
0.479071	1	0	1	-98.2692
0.48	1	0	1	-98.2692
0.480071	1	0	1	-98.2692
0.481	1	0	1	-98.2692
0.481071	1	0	1	-98.2692
0.482	1	0	1	-98.2692
0.482071	1	0	1	-98.2692
0.483	1	0	1	-98.2692
0.483071	1	0	1	-98.2692
0.484	1	0	1	-98.2692
0.484071	1	0	1	-98.2692
0.485	1	0	1	-98.2692
0.485071	1	0	1	-98.2692
0.486	1	0	1	-98.2692
0.486071	1	0	1	-98.2692
0.487	1	0	1	-98.2692
0.487071	1	0	1	-98.2692
0.488	1	0	1	-98.2692
0.488071	1	0	1	-98.2692
0.489	1	0	1	-98.2692
0.489071	1	0	1	-98.2692
0.49	1	0	1	-98.2692
0.490071	1	0	1	-98.2692
0.491	1	0	1	-98.2692
0.491071	1	0	1	-98.2692
0.492	1	0	1	-98.2692
0.492071	1	0	1	-98.2692
0.493	1	0	1	-98.2692
0.493071	1	0	1	-98.2692
0.494	1	0	1	-98.2692
0.494071	1	0	1	-98.2692
0.495	1	0	1	-98.2692
0.495071	1	0	1	-98.2692
0.496	1	0	1	-98.2692
0.496071	1	0	1	-98.2692
0.497	1	0	1	-98.2692
0.497071	1	0	1	-98.2692
0.498	1	0	1	-98.2692
0.498071	1	0	1	-98.2692
0.499	1	0	1	-98.2692
0.499071	1	0	1	-98.2692
0.5	1	0	1	-98.2692
0.500071	1	0	1	-98.2692
0.501	1	0	1	-98.2692
0.501071	1	0	1	-98.2692
0.502	1	0	1	-98.2692
0.502071	1	0	1	-98.2692
0.503	1	0	1	-98.2692
0.503071	1	0	1	-98.2692
0.504	1	0	1	-98.2692
0.504071	1	0	1	-98.2692
0.505	1	0	1	-98.2692
0.505071	1	0	1	-98.2692
0.506	1	0	1	-98.2692
0.506071	1	0	1	-98.2692
0.507	1	0	1	-98.2692
0.507071	1	0	1	-98.2692
0.508	1	0	1	-98.2692
0.508071	1	0	1	-98.2692
0.509	1	0	1	-98.2692
0.509071	1	0	1	-98.2692
0.51	1	0	1	-98.2692
0.510071	1	0	1	-98.2692
0.511	1	0	1	-98.2692
0.511071	1	0	1	-98.2692
0.512	1	0	1	-98.2692
0.512071	1	0	1	-98.2692
0.513	1	0	1	-98.2692
0.513071	1	0	1	-98.2692
0.514	1	0	1	-98.2692
0.514071	1	0	1	-98.2692
0.515	1	0	1	-98.2692
0.515071	1	0	1	-98.2692
0.516	1	0	1	-98.2692
0.516071	1	0	1	-98.2692
0.517	1	0	1	-98.2692
0.517071	1	0	1	-98.2692
0.518	1	0	1	-98.2692
0.518071	1	0	1	-98.2692
0.519	1	0	1	-98.2692
0.519071	1	0	1	-98.2692
0.52	1	0	1	-98.2692
0.520071	1	0	1	-98.2692
0.521	1	0	1	-98.2692
0.521071	1	0	1	-98.2692
0.522	1	0	1	-98.2692
0.522071	1	0	1	-98.2692
0.523	1	0	1	-98.2692
0.523071	1	0	1	-98.2692
0.524	1	0	1	-98.2692
0.524071	1	0	1	-98.2692
0.525	1	0	1	-98.2692
0.525071	1	0	1	-98.2692
0.526	1	0	1	-98.2692
0.526071	1	0	1	-98.2692
0.527	1	0	1	-98.2692
0.527071	1	0	1	-98.2692
0.528	1	0	1	-98.2692
0.528071	1	0	1	-98.2692
0.529	1	0	1	-98.2692
0.529071	1	0	1	-98.2692
0.53	1	0	1	-98.2692
0.530071	1	0	1	-98.2692
0.531	1	0	1	-98.2692
0.531071	1	0	1	-98.2692
0.532	1	0	1	-98.2692
0.532071	1	0	1	-98.2692
0.533	1	0	1	-98.2692
0.533071	1	0	1	-98.2692
0.534	1	0	1	-98.2692
0.534071	1	0	1	-98.2692
0.535	1	0	1	-98.2692
0.535071	1	0	1	-98.2692
0.536	1	0	1	-98.2692
0.536071	1	0	1	-98.2692
0.537	1	0	1	-98.2692
0.537071	1	0	1	-98.2692
0.538	1	0	1	-98.2692
0.538071	1	0	1	-98.2692
0.539	1	0	1	-98.2692
0.539071	1	0	1	-98.2692
0.54	1	0	1	-98.2692
0.540071	1	0	1	-98.2692
0.541	1	0	1	-98.2692
0.541071	1	0	1	-98.2692
0.542	1	0	1	-98.2692
0.542071	1	0	1	-98.2692
0.543	1	0	1	-98.2692
0.543071	1	0	1	-98.2692
0.544	1	0	1	-98.2692
0.544071	1	0	1	-98.2692
0.545	1	0	1	-98.2692
0.545071	1	0	1	-98.2692
0.546	1	0	1	-98.2692
0.546071	1	0	1	-98.2692
0.547	1	0	1	-98.2692
0.547071	1	0	1	-98.2692
0.548	1	0	1	-98.2692
0.548071	1	0	1	-98.2692
0.549	1	0	1	-98.2692
0.549071	1	0	1	-98.2692
0.55	1	0	1	-98.2692
0.550071	1	0	1	-98.2692
0.551	1	0	1	-98.2692
0.551071	1	0	1	-98.2692
0.552	1	0	1	-98.2692
0.552071	1	0	1	-98.2692
0.553	1	0	1	-98.2692
0.553071	1	0	1	-98.2692
0.554	1	0	1	-98.2692
0.554071	1	0	1	-98.2692
0.555	1	0	1	-98.2692
0.555071	1	0	1	-98.2692
0.556	1	0	1	-98.2692
0.556071	1	0	1	-98.2692
0.557	1	0	1	-98.2692
0.557071	1	0	1	-98.2692
0.558	1	0	1	-98.2692
0.558071	1	0	1	-98.2692
0.559	1	0	1	-98.2692
0.559071	1	0	1	-98.2692
0.56	1	0	1	-98.2692
0.560071	1	0	1	-98.2692
0.561	1	0	1	-98.2692
0.561071	1	0	1	-98.2692
0.562	1	0	1	-98.2692
0.562071	1	0	1	-98.2692
0.563	1	0	1	-98.2692
0.563071	1	0	1	-98.2692
0.564	1	0	1	-98.2692
0.564071	1	0	1	-98.2692
0.565	1	0	1	-98.2692
0.565071	1	0	1	-98.2692
0.566	1	0	1	-98.2692
0.566071	1	0	1	-98.2692
0.567	1	0	1	-98.2692
0.567071	1	0	1	-98.2692
0.568	1	0	1	-98.2692
0.568071	1	0	1	-98.2692
0.569	1	0	1	-98.2692
0.569071	1	0	1	-98.2692
0.57	1	0	1	-98.2692
0.570071	1	0	1	-98.2692
0.571	1	0	1	-98.2692
0.571071	1	0	1	-98.2692
0.572	1	0	1	-98.2692
0.572071	1	0	1	-98.2692
0.573	1	0	1	-98.2692
0.573071	1	0	1	-98.2692
0.574	1	0	1	-98.2692
0.574071	1	0	1	-98.2692
0.575	1	0	1	-98.2692
0.575071	1	0	1	-98.2692
0.576	1	0	1	-98.2692
0.576071	1	0	1	-98.2692
0.577	1	0	1	-98.2692
0.577071	1	0	1	-98.2692
0.578	1	0	1	-98.2692
0.578071	1	0	1	-98.2692
0.579	1	0	1	-98.2692
0.579071	1	0	1	-98.2692
0.58	1	0	1	-98.2692
0.580071	1	0	1	-98.2692
0.581	1	0	1	-98.2692
0.581071	1	0	1	-98.2692
0.582	1	0	1	-98.2692
0.582071	1	0	1	-98.2692
0.583	1	0	1	-98.2692
0.583071	1	0	1	-98.2692
0.584	1	0	1	-98.2692
0.584071	1	0	1	-98.2692
0.585	1	0	1	-98.2692
0.585071	1	0	1	-98.2692
0.586	1	0	1	-98.2692
0.586071	1	0	1	-98.2692
0.587	1	0	1	-98.2692
0.587071	1	0	1	-98.2692
0.588	1	0	1	-98.2692
0.588071	1	0	1	-98.2692
0.589	1	0	1	-98.2692
0.589071	1	0	1	-98.2692
0.59	1	0	1	-98.2692
0.590071	1	0	1	-98.2692
0.591	1	0	1	-98.2692
0.591071	1	0	1	-98.2692
0.592	1	0	1	-98.2692
0.592071	1	0	1	-98.2692
0.593	1	0	1	-98.2692
0.593071	1	0	1	-98.2692
0.594	1	0	1	-98.2692
0.594071	1	0	1	-98.2692
0.595	1	0	1	-98.2692
0.595071	1	0	1	-98.2692
0.596	1	0	1	-98.2692
0.596071	1	0	1	-98.2692
0.597	1	0	1	-98.2692
0.597071	1	0	1	-98.2692
0.598	1	0	1	-98.2692
0.598071	1	0	1	-98.2692
0.599	1	0	1	-98.2692
0.599071	1	0	1	-98.2692
0.6	1	0	1	-98.2692
0.600071	1	0	1	-98.2692
0.601	1	0	1	-98.2692
0.601071	1	0	1	-98.2692
0.602	1	0	1	-98.2692
0.602071	1	0	1	-98.2692
0.603	1	0	1	-98.2692
0.603071	1	0	1	-98.2692
0.604	1	0	1	-98.2692
0.604071	1	0	1	-98.2692
0.605	1	0	1	-98.2692
0.605071	1	0	1	-98.2692
0.606	1	0	1	-98.2692
0.606071	1	0	1	-98.2692
0.607	1	0	1	-98.2692
0.607071	1	0	1	-98.2692
0.608	1	0	1	-98.2692
0.608071	1	0	1	-98.2692
0.609	1	0	1	-98.2692
0.609071	1	0	1	-98.2692
0.61	1	0	1	-98.2692
0.610071	1	0	1	-98.2692
0.611	1	0	1	-98.2692
0.611071	1	0	1	-98.2692
0.612	1	0	1	-98.2692
0.612071	1	0	1	-98.2692
0.613	1	0	1	-98.2692
0.613071	1	0	1	-98.2692
0.614	1	0	1	-98.2692
0.614071	1	0	1	-98.2692
0.615	1	0	1	-98.2692
0.615071	1	0	1	-98.2692
0.616	1	0	1	-98.2692
0.616071	1	0	1	-98.2692
0.617	1	0	1	-98.2692
0.617071	1	0	1	-98.2692
0.618	1	0	1	-98.2692
0.618071	1	0	1	-98.2692
0.619	1	0	1	-98.2692
0.619071	1	0	1	-98.2692
0.62	1	0	1	-98.2692
0.620071	1	0	1	-98.2692
0.621	1	0	1	-98.2692
0.621071	1	0	1	-98.2692
0.622	1	0	1	-98.2692
0.622071	1	0	1	-98.2692
0.623	1	0	1	-98.2692
0.623071	1	0	1	-98.2692
0.624	1	0	1	-98.2692
0.624071	1	0	1	-98.2692
0.625	1	0	1	-98.2692
0.625071	1	0	1	-98.2692
0.626	1	0	1	-98.2692
0.626071	1	0	1	-98.2692
0.627	1	0	1	-98.2692
0.627071	1	0	1	-98.2692
0.628	1	0	1	-98.2692
0.628071	1	0	1	-98.2692
0.629	1	0	1	-98.2692
0.629071	1	0	1	-98.2692
0.63	1	0	1	-98.2692
0.630071	1	0	1	-98.2692
0.631	1	0	1	-98.2692
0.631071	1	0	1	-98.2692
0.632	1	0	1	-98.2692
0.632071	1	0	1	-98.2692
0.633	1	0	1	-98.2692
0.633071	1	0	1	-98.2692
0.634	1	0	1	-98.2692
0.634071	1	0	1	-98.2692
0.635	1	0	1	-98.2692
0.635071	1	0	1	-98.2692
0.636	1	0	1	-98.2692
0.636071	1	0	1	-98.2692
0.637	1	0	1	-98.2692
0.637071	1	0	1	-98.2692
0.638	1	0	1	-98.2692
0.638071	1	0	1	-98.2692
0.639	1	0	1	-98.2692
0.639071	1	0	1	-98.2692
0.64	1	0	1	-98.2692
0.640071	1	0	1	-98.2692
0.641	1	0	1	-98.2692
0.641071	1	0	1	-98.2692
0.642	1	0	1	-98.2692
0.642071	1	0	1	-98.2692
0.643	1	0	1	-98.2692
0.643071	1	0	1	-98.2692
0.644	1	0	1	-98.2692
0.644071	1	0	1	-98.2692
0.645	1	0	1	-98.2692
0.645071	1	0	1	-98.2692
0.646	1	0	1	-98.2692
0.646071	1	0	1	-98.2692
0.647	1	0	1	-98.2692
0.647071	1	0	1	-98.2692
0.648	1	0	1	-98.2692
0.648071	1	0	1	-98.2692
0.649	1	0	1	-98.2692
0.649071	1	0	1	-98.2692
0.65	1	0	1	-98.2692
0.650071	1	0	1	-98.2692
0.651	1	0	1	-98.2692
0.651071	1	0	1	-98.2692
0.652	1	0	1	-98.2692
0.652071	1	0	1	-98.2692
0.653	1	0	1	-98.2692
0.653071	1	0	1	-98.2692
0.654	1	0	1	-98.2692
0.654071	1	0	1	-98.2692
0.655	1	0	1	-98.2692
0.655071	1	0	1	-98.2692
0.656	1	0	1	-98.2692
0.656071	1	0	1	-98.2692
0.657	1	0	1	-98.2692
0.657071	1	0	1	-98.2692
0.658	1	0	1	-98.2692
0.658071	1	0	1	-98.2692
0.659	1	0	1	-98.2692
0.659071	1	0	1	-98.2692
0.66	1	0	1	-98.2692
0.660071	1	0	1	-98.2692
0.661	1	0	1	-98.2692
0.661071	1	0	1	-98.2692
0.662	1	0	1	-98.2692
0.662071	1	0	1	-98.2692
0.663	1	0	1	-98.2692
0.663071	1	0	1	-98.2692
0.664	1	0	1	-98.2692
0.664071	1	0	1	-98.2692
0.665	1	0	1	-98.2692
0.665071	1	0	1	-98.2692
0.666	1	0	1	-98.2692
0.666071	1	0	1	-98.2692
0.667	1	0	1	-98.2692
0.667071	1	0	1	-98.2692
0.668	1	0	1	-98.2692
0.668071	1	0	1	-98.2692
0.669	1	0	1	-98.2692
0.669071	1	0	1	-98.2692
0.67	1	0	1	-98.2692
0.670071	1	0	1	-98.2692
0.671	1	0	1	-98.2692
0.671071	1	0	1	-98.2692
0.672	1	0	1	-98.2692
0.672071	1	0	1	-98.2692
0.673	1	0	1	-98.2692
0.673071	1	0	1	-98.2692
0.674	1	0	1	-98.2692
0.674071	1	0	1	-98.2692
0.675	1	0	1	-98.2692
0.675071	1	0	1	-98.2692
0.676	1	0	1	-98.2692
0.676071	1	0	1	-98.2692
0.677	1	0	1	-98.2692
0.677071	1	0	1	-98.2692
0.678	1	0	1	-98.2692
0.678071	1	0	1	-98.2692
0.679	1	0	1	-98.2692
0.679071	1	0	1	-98.2692
0.68	1	0	1	-98.2692
0.680071	1	0	1	-98.2692
0.681	1	0	1	-98.2692
0.681071	1	0	1	-98.2692
0.682	1	0	1	-98.2692
0.682071	1	0	1	-98.2692
0.683	1	0	1	-98.2692
0.683071	1	0	1	-98.2692
0.684	1	0	1	-98.2692
0.684071	1	0	1	-98.2692
0.685	1	0	1	-98.2692
0.685071	1	0	1	-98.2692
0.686	1	0	1	-98.2692
0.686071	1	0	1	-98.2692
0.687	1	0	1	-98.2692
0.687071	1	0	1	-98.2692
0.688	1	0	1	-98.2692
0.688071	1	0	1	-98.2692
0.689	1	0	1	-98.2692
0.689071	1	0	1	-98.2692
0.69	1	0	1	-98.2692
0.690071	1	0	1	-98.2692
0.691	1	0	1	-98.2692
0.691071	1	0	1	-98.2692
0.692	1	0	1	-98.2692
0.692071	1	0	1	-98.2692
0.693	1	0	1	-98.2692
0.693071	1	0	1	-98.2692
0.694	1	0	1	-98.2692
0.694071	1	0	1	-98.2692
0.695	1	0	1	-98.2692
0.695071	1	0	1	-98.2692
0.696	1	0	1	-98.2692
0.696071	1	0	1	-98.2692
0.697	1	0	1	-98.2692
0.697071	1	0	1	-98.2692
0.698	1	0	1	-98.2692
0.698071	1	0	1	-98.2692
0.699	1	0	1	-98.2692
0.699071	1	0	1	-98.2692
0.7	1	0	1	-98.2692
0.700071	1	0	1	-98.2692
0.701	1	0	1	-98.2692
0.701071	1	0	1	-98.2692
0.702	1	0	1	-98.2692
0.702071	1	0	1	-98.2692
0.703	1	0	1	-98.2692
0.703071	1	0	1	-98.2692
0.704	1	0	1	-98.2692
0.704071	1	0	1	-98.2692
0.705	1	0	1	-98.2692
0.705071	1	0	1	-98.2692
0.706	1	0	1	-98.2692
0.706071	1	0	1	-98.2692
0.707	1	0	1	-98.2692
0.707071	1	0	1	-98.2692
0.708	1	0	1	-98.2692
0.708071	1	0	1	-98.2692
0.709	1	0	1	-98.2692
0.709071	1	0	1	-98.2692
0.71	1	0	1	-98.2692
0.710071	1	0	1	-98.2692
0.711	1	0	1	-98.2692
0.711071	1	0	1	-98.2692
0.712	1	0	1	-98.2692
0.712071	1	0	1	-98.2692
0.713	1	0	1	-98.2692
0.713071	1	0	1	-98.2692
0.714	1	0	1	-98.2692
0.714071	1	0	1	-98.2692
0.715	1	0	1	-98.2692
0.715071	1	0	1	-98.2692
0.716	1	0	1	-98.2692
0.716071	1	0	1	-98.2692
0.717	1	0	1	-98.2692
0.717071	1	0	1	-98.2692
0.718	1	0	1	-98.2692
0.718071	1	0	1	-98.2692
0.719	1	0	1	-98.2692
0.719071	1	0	1	-98.2692
0.72	1	0	1	-98.2692
0.720071	1	0	1	-98.2692
0.721	1	0	1	-98.2692
0.721071	1	0	1	-98.2692
0.722	1	0	1	-98.2692
0.722071	1	0	1	-98.2692
0.723	1	0	1	-98.2692
0.723071	1	0	1	-98.2692
0.724	1	0	1	-98.2692
0.724071	1	0	1	-98.2692
0.725	1	0	1	-98.2692
0.725071	1	0	1	-98.2692
0.726	1	0	1	-98.2692
0.726071	1	0	1	-98.2692
0.727	1	0	1	-98.2692
0.727071	1	0	1	-98.2692
0.728	1	0	1	-98.2692
0.728071	1	0	1	-98.2692
0.729	1	0	1	-98.2692
0.729071	1	0	1	-98.2692
0.73	1	0	1	-98.2692
0.730071	1	0	1	-98.2692
0.731	1	0	1	-98.2692
0.731071	1	0	1	-98.2692
0.732	1	0	1	-98.2692
0.732071	1	0	1	-98.2692
0.733	1	0	1	-98.2692
0.733071	1	0	1	-98.2692
0.734	1	0	1	-98.2692
0.734071	1	0	1	-98.2692
0.735	1	0	1	-98.2692
0.735071	1	0	1	-98.2692
0.736	1	0	1	-98.2692
0.736071	1	0	1	-98.2692
0.737	1	0	1	-98.2692
0.737071	1	0	1	-98.2692
0.738	1	0	1	-98.2692
0.738071	1	0	1	-98.2692
0.739	1	0	1	-98.2692
0.739071	1	0	1	-98.2692
0.74	1	0	1	-98.2692
0.740071	1	0	1	-98.2692
0.741	1	0	1	-98.2692
0.741071	1	0	1	-98.2692
0.742	1	0	1	-98.2692
0.742071	1	0	1	-98.2692
0.743	1	0	1	-98.2692
0.743071	1	0	1	-98.2692
0.744	1	0	1	-98.2692
0.744071	1	0	1	-98.2692
0.745	1	0	1	-98.2692
0.745071	1	0	1	-98.2692
0.746	1	0	1	-98.2692
0.746071	1	0	1	-98.2692
0.747	1	0	1	-98.2692
0.747071	1	0	1	-98.2692
0.748	1	0	1	-98.2692
0.748071	1	0	1	-98.2692
0.749	1	0	1	-98.2692
0.749071	1	0	1	-98.2692
0.75	1	0	1	-98.2692
0.750071	1	0	1	-98.2692
0.751	1	0	1	-98.2692
0.751071	1	0	1	-98.2692
0.752	1	0	1	-98.2692
0.752071	1	0	1	-98.2692
0.753	1	0	1	-98.2692
0.753071	1	0	1	-98.2692
0.754	1	0	1	-98.2692
0.754071	1	0	1	-98.2692
0.755	1	0	1	-98.2692
0.755071	1	0	1	-98.2692
0.756	1	0	1	-98.2692
0.756071	1	0	1	-98.2692
0.757	1	0	1	-98.2692
0.757071	1	0	1	-98.2692
0.758	1	0	1	-98.2692
0.758071	1	0	1	-98.2692
0.759	1	0	1	-98.2692
0.759071	1	0	1	-98.2692
0.76	1	0	1	-98.2692
0.760071	1	0	1	-98.2692
0.761	1	0	1	-98.2692
0.761071	1	0	1	-98.2692
0.762	1	0	1	-98.2692
0.762071	1	0	1	-98.2692
0.763	1	0	1	-98.2692
0.763071	1	0	1	-98.2692
0.764	1	0	1	-98.2692
0.764071	1	0	1	-98.2692
0.765	1	0	1	-98.2692
0.765071	1	0	1	-98.2692
0.766	1	0	1	-98.2692
0.766071	1	0	1	-98.2692
0.767	1	0	1	-98.2692
0.767071	1	0	1	-98.2692
0.768	1	0	1	-98.2692
0.768071	1	0	1	-98.2692
0.769	1	0	1	-98.2692
0.769071	1	0	1	-98.2692
0.77	1	0	1	-98.2692
0.770071	1	0	1	-98.2692
0.771	1	0	1	-98.2692
0.771071	1	0	1	-98.2692
0.772	1	0	1	-98.2692
0.772071	1	0	1	-98.2692
0.773	1	0	1	-98.2692
0.773071	1	0	1	-98.2692
0.774	1	0	1	-98.2692
0.774071	1	0	1	-98.2692
0.775	1	0	1	-98.2692
0.775071	1	0	1	-98.2692
0.776	1	0	1	-98.2692
0.776071	1	0	1	-98.2692
0.777	1	0	1	-98.2692
0.777071	1	0	1	-98.2692
0.778	1	0	1	-98.2692
0.778071	1	0	1	-98.2692
0.779	1	0	1	-98.2692
0.779071	1	0	1	-98.2692
0.78	1	0	1	-98.2692
0.780071	1	0	1	-98.2692
0.781	1	0	1	-98.2692
0.781071	1	0	1	-98.2692
0.782	1	0	1	-98.2692
0.782071	1	0	1	-98.2692
0.783	1	0	1	-98.2692
0.783071	1	0	1	-98.2692
0.784	1	0	1	-98.2692
0.784071	1	0	1	-98.2692
0.785	1	0	1	-98.2692
0.785071	1	0	1	-98.2692
0.786	1	0	1	-98.2692
0.786071	1	0	1	-98.2692
0.787	1	0	1	-98.2692
0.787071	1	0	1	-98.2692
0.788	1	0	1	-98.2692
0.788071	1	0	1	-98.2692
0.789	1	0	1	-98.2692
0.789071	1	0	1	-98.2692
0.79	1	0	1	-98.2692
0.790071	1	0	1	-98.2692
0.791	1	0	1	-98.2692
0.791071	1	0	1	-98.2692
0.792	1	0	1	-98.2692
0.792071	1	0	1	-98.2692
0.793	1	0	1	-98.2692
0.793071	1	0	1	-98.2692
0.794	1	0	1	-98.2692
0.794071	1	0	1	-98.2692
0.795	1	0	1	-98.2692
0.795071	1	0	1	-98.2692
0.796	1	0	1	-98.2692
0.796071	1	0	1	-98.2692
0.797	1	0	1	-98.2692
0.797071	1	0	1	-98.2692
0.798	1	0	1	-98.2692
0.798071	1	0	1	-98.2692
0.799	1	0	1	-98.2692
0.799071	1	0	1	-98.2692
0.8	1	0	1	-98.2692
0.800071	1	0	1	-98.2692
0.801	1	0	1	-98.2692
0.801071	1	0	1	-98.2692
0.802	1	0	1	-98.2692
0.802071	1	0	1	-98.2692
0.803	1	0	1	-98.2692
0.803071	1	0	1	-98.2692
0.804	1	0	1	-98.2692
0.804071	1	0	1	-98.2692
0.805	1	0	1	-98.2692
0.805071	1	0	1	-98.2692
0.806	1	0	1	-98.2692
0.806071	1	0	1	-98.2692
0.807	1	0	1	-98.2692
0.807071	1	0	1	-98.2692
0.808	1	0	1	-98.2692
0.808071	1	0	1	-98.2692
0.809	1	0	1	-98.2692
0.809071	1	0	1	-98.2692
0.81	1	0	1	-98.2692
0.810071	1	0	1	-98.2692
0.811	1	0	1	-98.2692
0.811071	1	0	1	-98.2692
0.812	1	0	1	-98.2692
0.812071	1	0	1	-98.2692
0.813	1	0	1	-98.2692
0.813071	1	0	1	-98.2692
0.814	1	0	1	-98.2692
0.814071	1	0	1	-98.2692
0.815	1	0	1	-98.2692
0.815071	1	0	1	-98.2692
0.816	1	0	1	-98.2692
0.816071	1	0	1	-98.2692
0.817	1	0	1	-98.2692
0.817071	1	0	1	-98.2692
0.818	1	0	1	-98.2692
0.818071	1	0	1	-98.2692
0.819	1	0	1	-98.2692
0.819071	1	0	1	-98.2692
0.82	1	0	1	-98.2692
0.820071	1	0	1	-98.2692
0.821	1	0	1	-98.2692
0.821071	1	0	1	-98.2692
0.822	1	0	1	-98.2692
0.822071	1	0	1	-98.2692
0.823	1	0	1	-98.2692
0.823071	1	0	1	-98.2692
0.824	1	0	1	-98.2692
0.824071	1	0	1	-98.2692
0.825	1	0	1	-98.2692
0.825071	1	0	1	-98.2692
0.826	1	0	1	-98.2692
0.826071	1	0	1	-98.2692
0.827	1	0	1	-98.2692
0.827071	1	0	1	-98.2692
0.828	1	0	1	-98.2692
0.828071	1	0	1	-98.2692
0.829	1	0	1	-98.2692
0.829071	1	0	1	-98.2692
0.83	1	0	1	-98.2692
0.830071	1	0	1	-98.2692
0.831	1	0	1	-98.2692
0.831071	1	0	1	-98.2692
0.832	1	0	1	-98.2692
0.832071	1	0	1	-98.2692
0.833	1	0	1	-98.2692
0.833071	1	0	1	-98.2692
0.834	1	0	1	-98.2692
0.834071	1	0	1	-98.2692
0.835	1	0	1	-98.2692
0.835071	1	0	1	-98.2692
0.836	1	0	1	-98.2692
0.836071	1	0	1	-98.2692
0.837	1	0	1	-98.2692
0.837071	1	0	1	-98.2692
0.838	1	0	1	-98.2692
0.838071	1	0	1	-98.2692
0.839	1	0	1	-98.2692
0.839071	1	0	1	-98.2692
0.84	1	0	1	-98.2692
0.840071	1	0	1	-98.2692
0.841	1	0	1	-98.2692
0.841071	1	0	1	-98.2692
0.842	1	0	1	-98.2692
0.842071	1	0	1	-98.2692
0.843	1	0	1	-98.2692
0.843071	1	0	1	-98.2692
0.844	1	0	1	-98.2692
0.844071	1	0	1	-98.2692
0.845	1	0	1	-98.2692
0.845071	1	0	1	-98.2692
0.846	1	0	1	-98.2692
0.846071	1	0	1	-98.2692
0.847	1	0	1	-98.2692
0.847071	1	0	1	-98.2692
0.848	1	0	1	-98.2692
0.848071	1	0	1	-98.2692
0.849	1	0	1	-98.2692
0.849071	1	0	1	-98.2692
0.85	1	0	1	-98.2692
0.850071	1	0	1	-98.2692
0.851	1	0	1	-98.2692
0.851071	1	0	1	-98.2692
0.852	1	0	1	-98.2692
0.852071	1	0	1	-98.2692
0.853	1	0	1	-98.2692
0.853071	1	0	1	-98.2692
0.854	1	0	1	-98.2692
0.854071	1	0	1	-98.2692
0.855	1	0	1	-98.2692
0.855071	1	0	1	-98.2692
0.856	1	0	1	-98.2692
0.856071	1	0	1	-98.2692
0.857	1	0	1	-98.2692
0.857071	1	0	1	-98.2692
0.858	1	0	1	-98.2692
0.858071	1	0	1	-98.2692
0.859	1	0	1	-98.2692
0.859071	1	0	1	-98.2692
0.86	1	0	1	-98.2692
0.860071	1	0	1	-98.2692
0.861	1	0	1	-98.2692
0.861071	1	0	1	-98.2692
0.862	1	0	1	-98.2692
0.862071	1	0	1	-98.2692
0.863	1	0	1	-98.2692
0.863071	1	0	1	-98.2692
0.864	1	0	1	-98.2692
0.864071	1	0	1	-98.2692
0.865	1	0	1	-98.2692
0.865071	1	0	1	-98.2692
0.866	1	0	1	-98.2692
0.866071	1	0	1	-98.2692
0.867	1	0	1	-98.2692
0.867071	1	0	1	-98.2692
0.868	1	0	1	-98.2692
0.868071	1	0	1	-98.2692
0.869	1	0	1	-98.2692
0.869071	1	0	1	-98.2692
0.87	1	0	1	-98.2692
0.870071	1	0	1	-98.2692
0.871	1	0	1	-98.2692
0.871071	1	0	1	-98.2692
0.872	1	0	1	-98.2692
0.872071	1	0	1	-98.2692
0.873	1	0	1	-98.2692
0.873071	1	0	1	-98.2692
0.874	1	0	1	-98.2692
0.874071	1	0	1	-98.2692
0.875	1	0	1	-98.2692
0.875071	1	0	1	-98.2692
0.876	1	0	1	-98.2692
0.876071	1	0	1	-98.2692
0.877	1	0	1	-98.2692
0.877071	1	0	1	-98.2692
0.878	1	0	1	-98.2692
0.878071	1	0	1	-98.2692
0.879	1	0	1	-98.2692
0.879071	1	0	1	-98.2692
0.88	1	0	1	-98.2692
0.880071	1	0	1	-98.2692
0.881	1	0	1	-98.2692
0.881071	1	0	1	-98.2692
0.882	1	0	1	-98.2692
0.882071	1	0	1	-98.2692
0.883	1	0	1	-98.2692
0.883071	1	0	1	-98.2692
0.884	1	0	1	-98.2692
0.884071	1	0	1	-98.2692
0.885	1	0	1	-98.2692
0.885071	1	0	1	-98.2692
0.886	1	0	1	-98.2692
0.886071	1	0	1	-98.2692
0.887	1	0	1	-98.2692
0.887071	1	0	1	-98.2692
0.888	1	0	1	-98.2692
0.888071	1	0	1	-98.2692
0.889	1	0	1	-98.2692
0.889071	1	0	1	-98.2692
0.89	1	0	1	-98.2692
0.890071	1	0	1	-98.2692
0.891	1	0	1	-98.2692
0.891071	1	0	1	-98.2692
0.892	1	0	1	-98.2692
0.892071	1	0	1	-98.2692
0.893	1	0	1	-98.2692
0.893071	1	0	1	-98.2692
0.894	1	0	1	-98.2692
0.894071	1	0	1	-98.2692
0.895	1	0	1	-98.2692
0.895071	1	0	1	-98.2692
0.896	1	0	1	-98.2692
0.896071	1	0	1	-98.2692
0.897	1	0	1	-98.2692
0.897071	1	0	1	-98.2692
0.898	1	0	1	-98.2692
0.898071	1	0	1	-98.2692
0.899	1	0	1	-98.2692
0.899071	1	0	1	-98.2692
0.9	1	0	1	-98.2692
0.900071	1	0	1	-98.2692
0.901	1	0	1	-98.2692
0.901071	1	0	1	-98.2692
0.902	1	0	1	-98.2692
0.902071	1	0	1	-98.2692
0.903	1	0	1	-98.2692
0.903071	1	0	1	-98.2692
0.904	1	0	1	-98.2692
0.904071	1	0	1	-98.2692
0.905	1	0	1	-98.2692
0.905071	1	0	1	-98.2692
0.906	1	0	1	-98.2692
0.906071	1	0	1	-98.2692
0.907	1	0	1	-98.2692
0.907071	1	0	1	-98.2692
0.908	1	0	1	-98.2692
0.908071	1	0	1	-98.2692
0.909	1	0	1	-98.2692
0.909071	1	0	1	-98.2692
0.91	1	0	1	-98.2692
0.910071	1	0	1	-98.2692
0.911	1	0	1	-98.2692
0.911071	1	0	1	-98.2692
0.912	1	0	1	-98.2692
0.912071	1	0	1	-98.2692
0.913	1	0	1	-98.2692
0.913071	1	0	1	-98.2692
0.914	1	0	1	-98.2692
0.914071	1	0	1	-98.2692
0.915	1	0	1	-98.2692
0.915071	1	0	1	-98.2692
0.916	1	0	1	-98.2692
0.916071	1	0	1	-98.2692
0.917	1	0	1	-98.2692
0.917071	1	0	1	-98.2692
0.918	1	0	1	-98.2692
0.918071	1	0	1	-98.2692
0.919	1	0	1	-98.2692
0.919071	1	0	1	-98.2692
0.92	1	0	1	-98.2692
0.920071	1	0	1	-98.2692
0.921	1	0	1	-98.2692
0.921071	1	0	1	-98.2692
0.922	1	0	1	-98.2692
0.922071	1	0	1	-98.2692
0.923	1	0	1	-98.2692
0.923071	1	0	1	-98.2692
0.924	1	0	1	-98.2692
0.924071	1	0	1	-98.2692
0.925	1	0	1	-98.2692
0.925071	1	0	1	-98.2692
0.926	1	0	1	-98.2692
0.926071	1	0	1	-98.2692
0.927	1	0	1	-98.2692
0.927071	1	0	1	-98.2692
0.928	1	0	1	-98.2692
0.928071	1	0	1	-98.2692
0.929	1	0	1	-98.2692
0.929071	1	0	1	-98.2692
0.93	1	0	1	-98.2692
0.930071	1	0	1	-98.2692
0.931	1	0	1	-98.2692
0.931071	1	0	1	-98.2692
0.932	1	0	1	-98.2692
0.932071	1	0	1	-98.2692
0.933	1	0	1	-98.2692
0.933071	1	0	1	-98.2692
0.934	1	0	1	-98.2692
0.934071	1	0	1	-98.2692
0.935	1	0	1	-98.2692
0.935071	1	0	1	-98.2692
0.936	1	0	1	-98.2692
0.936071	1	0	1	-98.2692
0.937	1	0	1	-98.2692
0.937071	1	0	1	-98.2692
0.938	1	0	1	-98.2692
0.938071	1	0	1	-98.2692
0.939	1	0	1	-98.2692
0.939071	1	0	1	-98.2692
0.94	1	0	1	-98.2692
0.940071	1	0	1	-98.2692
0.941	1	0	1	-98.2692
0.941071	1	0	1	-98.2692
0.942	1	0	1	-98.2692
0.942071	1	0	1	-98.2692
0.943	1	0	1	-98.2692
0.943071	1	0	1	-98.2692
0.944	1	0	1	-98.2692
0.944071	1	0	1	-98.2692
0.945	1	0	1	-98.2692
0.945071	1	0	1	-98.2692
0.946	1	0	1	-98.2692
0.946071	1	0	1	-98.2692
0.947	1	0	1	-98.2692
0.947071	1	0	1	-98.2692
0.948	1	0	1	-98.2692
0.948071	1	0	1	-98.2692
0.949	1	0	1	-98.2692
0.949071	1	0	1	-98.2692
0.95	1	0	1	-98.2692
0.950071	1	0	1	-98.2692
0.951	1	0	1	-98.2692
0.951071	1	0	1	-98.2692
0.952	1	0	1	-98.2692
0.952071	1	0	1	-98.2692
0.953	1	0	1	-98.2692
0.953071	1	0	1	-98.2692
0.954	1	0	1	-98.2692
0.954071	1	0	1	-98.2692
0.955	1	0	1	-98.2692
0.955071	1	0	1	-98.2692
0.956	1	0	1	-98.2692
0.956071	1	0	1	-98.2692
0.957	1	0	1	-98.2692
0.957071	1	0	1	-98.2692
0.958	1	0	1	-98.2692
0.958071	1	0	1	-98.2692
0.959	1	0	1	-98.2692
0.959071	1	0	1	-98.2692
0.96	1	0	1	-98.2692
0.960071	1	0	1	-98.2692
0.961	1	0	1	-98.2692
0.961071	1	0	1	-98.2692
0.962	1	0	1	-98.2692
0.962071	1	0	1	-98.2692
0.963	1	0	1	-98.2692
0.963071	1	0	1	-98.2692
0.964	1	0	1	-98.2692
0.964071	1	0	1	-98.2692
0.965	1	0	1	-98.2692
0.965071	1	0	1	-98.2692
0.966	1	0	1	-98.2692
0.966071	1	0	1	-98.2692
0.967	1	0	1	-98.2692
0.967071	1	0	1	-98.2692
0.968	1	0	1	-98.2692
0.968071	1	0	1	-98.2692
0.969	1	0	1	-98.2692
0.969071	1	0	1	-98.2692
0.97	1	0	1	-98.2692
0.970071	1	0	1	-98.2692
0.971	1	0	1	-98.2692
0.971071	1	0	1	-98.2692
0.972	1	0	1	-98.2692
0.972071	1	0	1	-98.2692
0.973	1	0	1	-98.2692
0.973071	1	0	1	-98.2692
0.974	1	0	1	-98.2692
0.974071	1	0	1	-98.2692
0.975	1	0	1	-98.2692
0.975071	1	0	1	-98.2692
0.976	1	0	1	-98.2692
0.976071	1	0	1	-98.2692
0.977	1	0	1	-98.2692
0.977071	1	0	1	-98.2692
0.978	1	0	1	-98.2692
0.978071	1	0	1	-98.2692
0.979	1	0	1	-98.2692
0.979071	1	0	1	-98.2692
0.98	1	0	1	-98.2692
0.980071	1	0	1	-98.2692
0.981	1	0	1	-98.2692
0.981071	1	0	1	-98.2692
0.982	1	0	1	-98.2692
0.982071	1	0	1	-98.2692
0.983	1	0	1	-98.2692
0.983071	1	0	1	-98.2692
0.984	1	0	1	-98.2692
0.984071	1	0	1	-98.2692
0.985	1	0	1	-98.2692
0.985071	1	0	1	-98.2692
0.986	1	0	1	-98.2692
0.986071	1	0	1	-98.2692
0.987	1	0	1	-98.2692
0.987071	1	0	1	-98.2692
0.988	1	0	1	-98.2692
0.988071	1	0	1	-98.2692
0.989	1	0	1	-98.2692
0.989071	1	0	1	-98.2692
0.99	1	0	1	-98.2692
0.990071	1	0	1	-98.2692
0.991	1	0	1	-98.2692
0.991071	1	0	1	-98.2692
0.992	1	0	1	-98.2692
0.992071	1	0	1	-98.2692
0.993	1	0	1	-98.2692
0.993071	1	0	1	-98.2692
0.994	1	0	1	-98.2692
0.994071	1	0	1	-98.2692
0.995	1	0	1	-98.2692
0.995071	1	0	1	-98.2692
0.996	1	0	1	-98.2692
0.996071	1	0	1	-98.2692
0.997	1	0	1	-98.2692
0.997071	1	0	1	-98.2692
0.998	1	0	1	-98.2692
0.998071	1	0	1	-98.2692
0.999	1	0	1	-98.2692
0.999071	1	0	1	-98.2692
1	1	0	1	-98.2692
1.00007	1	0	1	-98.2692
1.001	1	0	1	-98.2692
1.00107	1	0	1	-98.2692
1.002	1	0	1	-98.2692
1.00207	1	0	1	-98.2692
1.003	1	0	1	-98.2692
1.00307	1	0	1	-98.2692
1.004	1	0	1	-98.2692
1.00407	1	0	1	-98.2692
1.005	1	0	1	-98.2692
1.00507	1	0	1	-98.2692
1.006	1	0	1	-98.2692
1.00607	1	0	1	-98.2692
1.007	1	0	1	-98.2692
1.00707	1	0	1	-98.2692
1.008	1	0	1	-98.2692
1.00807	1	0	1	-98.2692
1.009	1	0	1	-98.2692
1.00907	1	0	1	-98.2692
1.01	1	0	1	-98.2692
1.01007	1	0	1	-98.2692
1.011	1	0	1	-98.2692
1.01107	1	0	1	-98.2692
1.012	1	0	1	-98.2692
1.01207	1	0	1	-98.2692
1.013	1	0	1	-98.2692
1.01307	1	0	1	-98.2692
1.014	1	0	1	-98.2692
1.01407	1	0	1	-98.2692
1.015	1	0	1	-98.2692
1.01507	1	0	1	-98.2692
1.016	1	0	1	-98.2692
1.01607	1	0	1	-98.2692
1.017	1	0	1	-98.2692
1.01707	1	0	1	-98.2692
1.018	1	0	1	-98.2692
1.01807	1	0	1	-98.2692
1.019	1	0	1	-98.2692
1.01907	1	0	1	-98.2692
1.02	1	0	1	-98.2692
1.02007	1	0	1	-98.2692
1.021	1	0	1	-98.2692
1.02107	1	0	1	-98.2692
1.022	1	0	1	-98.2692
1.02207	1	0	1	-98.2692
1.023	1	0	1	-98.2692
1.02307	1	0	1	-98.2692
1.024	1	0	1	-98.2692
1.02407	1	0	1	-98.2692
1.025	1	0	1	-98.2692
1.02507	1	0	1	-98.2692
1.026	1	0	1	-98.2692
1.02607	1	0	1	-98.2692
1.027	1	0	1	-98.2692
1.02707	1	0	1	-98.2692
1.028	1	0	1	-98.2692
1.02807	1	0	1	-98.2692
1.029	1	0	1	-98.2692
1.02907	1	0	1	-98.2692
1.03	1	0	1	-98.2692
1.03007	1	0	1	-98.2692
1.031	1	0	1	-98.2692
1.03107	1	0	1	-98.2692
1.032	1	0	1	-98.2692
1.03207	1	0	1	-98.2692
1.033	1	0	1	-98.2692
1.03307	1	0	1	-98.2692
1.034	1	0	1	-98.2692
1.03407	1	0	1	-98.2692
1.035	1	0	1	-98.2692
1.03507	1	0	1	-98.2692
1.036	1	0	1	-98.2692
1.03607	1	0	1	-98.2692
1.037	1	0	1	-98.2692
1.03707	1	0	1	-98.2692
1.038	1	0	1	-98.2692
1.03807	1	0	1	-98.2692
1.039	1	0	1	-98.2692
1.03907	1	0	1	-98.2692
1.04	1	0	1	-98.2692
1.04007	1	0	1	-98.2692
1.041	1	0	1	-98.2692
1.04107	1	0	1	-98.2692
1.042	1	0	1	-98.2692
1.04207	1	0	1	-98.2692
1.043	1	0	1	-98.2692
1.04307	1	0	1	-98.2692
1.044	1	0	1	-98.2692
1.04407	1	0	1	-98.2692
1.045	1	0	1	-98.2692
1.04507	1	0	1	-98.2692
1.046	1	0	1	-98.2692
1.04607	1	0	1	-98.2692
1.047	1	0	1	-98.2692
1.04707	1	0	1	-98.2692
1.048	1	0	1	-98.2692
1.04807	1	0	1	-98.2692
1.049	1	0	1	-98.2692
1.04907	1	0	1	-98.2692
1.05	1	0	1	-98.2692
1.05007	1	0	1	-98.2692
1.051	1	0	1	-98.2692
1.05107	1	0	1	-98.2692
1.052	1	0	1	-98.2692
1.05207	1	0	1	-98.2692
1.053	1	0	1	-98.2692
1.05307	1	0	1	-98.2692
1.054	1	0	1	-98.2692
1.05407	1	0	1	-98.2692
1.055	1	0	1	-98.2692
1.05507	1	0	1	-98.2692
1.056	1	0	1	-98.2692
1.05607	1	0	1	-98.2692
1.057	1	0	1	-98.2692
1.05707	1	0	1	-98.2692
1.058	1	0	1	-98.2692
1.05807	1	0	1	-98.2692
1.059	1	0	1	-98.2692
1.05907	1	0	1	-98.2692
1.06	1	0	1	-98.2692
1.06007	1	0	1	-98.2692
1.061	1	0	1	-98.2692
1.06107	1	0	1	-98.2692
1.062	1	0	1	-98.2692
1.06207	1	0	1	-98.2692
1.063	1	0	1	-98.2692
1.06307	1	0	1	-98.2692
1.064	1	0	1	-98.2692
1.06407	1	0	1	-98.2692
1.065	1	0	1	-98.2692
1.06507	1	0	1	-98.2692
1.066	1	0	1	-98.2692
1.06607	1	0	1	-98.2692
1.067	1	0	1	-98.2692
1.06707	1	0	1	-98.2692
1.068	1	0	1	-98.2692
1.06807	1	0	1	-98.2692
1.069	1	0	1	-98.2692
1.06907	1	0	1	-98.2692
1.07	1	0	1	-98.2692
1.07007	1	0	1	-98.2692
1.071	1	0	1	-98.2692
1.07107	1	0	1	-98.2692
1.072	1	0	1	-98.2692
1.07207	1	0	1	-98.2692
1.073	1	0	1	-98.2692
1.07307	1	0	1	-98.2692
1.074	1	0	1	-98.2692
1.07407	1	0	1	-98.2692
1.075	1	0	1	-98.2692
1.07507	1	0	1	-98.2692
1.076	1	0	1	-98.2692
1.07607	1	0	1	-98.2692
1.077	1	0	1	-98.2692
1.07707	1	0	1	-98.2692
1.078	1	0	1	-98.2692
1.07807	1	0	1	-98.2692
1.079	1	0	1	-98.2692
1.07907	1	0	1	-98.2692
1.08	1	0	1	-98.2692
1.08007	1	0	1	-98.2692
1.081	1	0	1	-98.2692
1.08107	1	0	1	-98.2692
1.082	1	0	1	-98.2692
1.08207	1	0	1	-98.2692
1.083	1	0	1	-98.2692
1.08307	1	0	1	-98.2692
1.084	1	0	1	-98.2692
1.08407	1	0	1	-98.2692
1.085	1	0	1	-98.2692
1.08507	1	0	1	-98.2692
1.086	1	0	1	-98.2692
1.08607	1	0	1	-98.2692
1.087	1	0	1	-98.2692
1.08707	1	0	1	-98.2692
1.088	1	0	1	-98.2692
1.08807	1	0	1	-98.2692
1.089	1	0	1	-98.2692
1.08907	1	0	1	-98.2692
1.09	1	0	1	-98.2692
1.09007	1	0	1	-98.2692
1.091	1	0	1	-98.2692
1.09107	1	0	1	-98.2692
1.092	1	0	1	-98.2692
1.09207	1	0	1	-98.2692
1.093	1	0	1	-98.2692
1.09307	1	0	1	-98.2692
1.094	1	0	1	-98.2692
1.09407	1	0	1	-98.2692
1.095	1	0	1	-98.2692
1.09507	1	0	1	-98.2692
1.096	1	0	1	-98.2692
1.09607	1	0	1	-98.2692
1.097	1	0	1	-98.2692
1.09707	1	0	1	-98.2692
1.098	1	0	1	-98.2692
1.09807	1	0	1	-98.2692
1.099	1	0	1	-98.2692
1.09907	1	0	1	-98.2692
1.1	1	0	1	-98.2692
1.10007	1	0	1	-98.2692
1.101	1	0	1	-98.2692
1.10107	1	0	1	-98.2692
1.102	1	0	1	-98.2692
1.10207	1	0	1	-98.2692
1.103	1	0	1	-98.2692
1.10307	1	0	1	-98.2692
1.104	1	0	1	-98.2692
1.10407	1	0	1	-98.2692
1.105	1	0	1	-98.2692
1.10507	1	0	1	-98.2692
1.106	1	0	1	-98.2692
1.10607	1	0	1	-98.2692
1.107	1	0	1	-98.2692
1.10707	1	0	1	-98.2692
1.108	1	0	1	-98.2692
1.10807	1	0	1	-98.2692
1.109	1	0	1	-98.2692
1.10907	1	0	1	-98.2692
1.11	1	0	1	-98.2692
1.11007	1	0	1	-98.2692
1.111	1	0	1	-98.2692
1.11107	1	0	1	-98.2692
1.112	1	0	1	-98.2692
1.11207	1	0	1	-98.2692
1.113	1	0	1	-98.2692
1.11307	1	0	1	-98.2692
1.114	1	0	1	-98.2692
1.11407	1	0	1	-98.2692
1.115	1	0	1	-98.2692
1.11507	1	0	1	-98.2692
1.116	1	0	1	-98.2692
1.11607	1	0	1	-98.2692
1.117	1	0	1	-98.2692
1.11707	1	0	1	-98.2692
1.118	1	0	1	-98.2692
1.11807	1	0	1	-98.2692
1.119	1	0	1	-98.2692
1.11907	1	0	1	-98.2692
1.12	1	0	1	-98.2692
1.12007	1	0	1	-98.2692
1.121	1	0	1	-98.2692
1.12107	1	0	1	-98.2692
1.122	1	0	1	-98.2692
1.12207	1	0	1	-98.2692
1.123	1	0	1	-98.2692
1.12307	1	0	1	-98.2692
1.124	1	0	1	-98.2692
1.12407	1	0	1	-98.2692
1.125	1	0	1	-98.2692
1.12507	1	0	1	-98.2692
1.126	1	0	1	-98.2692
1.12607	1	0	1	-98.2692
1.127	1	0	1	-98.2692
1.12707	1	0	1	-98.2692
1.128	1	0	1	-98.2692
1.12807	1	0	1	-98.2692
1.129	1	0	1	-98.2692
1.12907	1	0	1	-98.2692
1.13	1	0	1	-98.2692
1.13007	1	0	1	-98.2692
1.131	1	0	1	-98.2692
1.13107	1	0	1	-98.2692
1.132	1	0	1	-98.2692
1.13207	1	0	1	-98.2692
1.133	1	0	1	-98.2692
1.13307	1	0	1	-98.2692
1.134	1	0	1	-98.2692
1.13407	1	0	1	-98.2692
1.135	1	0	1	-98.2692
1.13507	1	0	1	-98.2692
1.136	1	0	1	-98.2692
1.13607	1	0	1	-98.2692
1.137	1	0	1	-98.2692
1.13707	1	0	1	-98.2692
1.138	1	0	1	-98.2692
1.13807	1	0	1	-98.2692
1.139	1	0	1	-98.2692
1.13907	1	0	1	-98.2692
1.14	1	0	1	-98.2692
1.14007	1	0	1	-98.2692
1.141	1	0	1	-98.2692
1.14107	1	0	1	-98.2692
1.142	1	0	1	-98.2692
1.14207	1	0	1	-98.2692
1.143	1	0	1	-98.2692
1.14307	1	0	1	-98.2692
1.144	1	0	1	-98.2692
1.14407	1	0	1	-98.2692
1.145	1	0	1	-98.2692
1.14507	1	0	1	-98.2692
1.146	1	0	1	-98.2692
1.14607	1	0	1	-98.2692
1.147	1	0	1	-98.2692
1.14707	1	0	1	-98.2692
1.148	1	0	1	-98.2692
1.14807	1	0	1	-98.2692
1.149	1	0	1	-98.2692
1.14907	1	0	1	-98.2692
1.15	1	0	1	-98.2692
1.15007	1	0	1	-98.2692
1.151	1	0	1	-98.2692
1.15107	1	0	1	-98.2692
1.152	1	0	1	-98.2692
1.15207	1	0	1	-98.2692
1.153	1	0	1	-98.2692
1.15307	1	0	1	-98.2692
1.154	1	0	1	-98.2692
1.15407	1	0	1	-98.2692
1.155	1	0	1	-98.2692
1.15507	1	0	1	-98.2692
1.156	1	0	1	-98.2692
1.15607	1	0	1	-98.2692
1.157	1	0	1	-98.2692
1.15707	1	0	1	-98.2692
1.158	1	0	1	-98.2692
1.15807	1	0	1	-98.2692
1.159	1	0	1	-98.2692
1.15907	1	0	1	-98.2692
1.16	1	0	1	-98.2692
1.16007	1	0	1	-98.2692
1.161	1	0	1	-98.2692
1.16107	1	0	1	-98.2692
1.162	1	0	1	-98.2692
1.16207	1	0	1	-98.2692
1.163	1	0	1	-98.2692
1.16307	1	0	1	-98.2692
1.164	1	0	1	-98.2692
1.16407	1	0	1	-98.2692
1.165	1	0	1	-98.2692
1.16507	1	0	1	-98.2692
1.166	1	0	1	-98.2692
1.16607	1	0	1	-98.2692
1.167	1	0	1	-98.2692
1.16707	1	0	1	-98.2692
1.168	1	0	1	-98.2692
1.16807	1	0	1	-98.2692
1.169	1	0	1	-98.2692
1.16907	1	0	1	-98.2692
1.17	1	0	1	-98.2692
1.17007	1	0	1	-98.2692
1.171	1	0	1	-98.2692
1.17107	1	0	1	-98.2692
1.172	1	0	1	-98.2692
1.17207	1	0	1	-98.2692
1.173	1	0	1	-98.2692
1.17307	1	0	1	-98.2692
1.174	1	0	1	-98.2692
1.17407	1	0	1	-98.2692
1.175	1	0	1	-98.2692
1.17507	1	0	1	-98.2692
1.176	1	0	1	-98.2692
1.17607	1	0	1	-98.2692
1.177	1	0	1	-98.2692
1.17707	1	0	1	-98.2692
1.178	1	0	1	-98.2692
1.17807	1	0	1	-98.2692
1.179	1	0	1	-98.2692
1.17907	1	0	1	-98.2692
1.18	1	0	1	-98.2692
1.18007	1	0	1	-98.2692
1.181	1	0	1	-98.2692
1.18107	1	0	1	-98.2692
1.182	1	0	1	-98.2692
1.18207	1	0	1	-98.2692
1.183	1	0	1	-98.2692
1.18307	1	0	1	-98.2692
1.184	1	0	1	-98.2692
1.18407	1	0	1	-98.2692
1.185	1	0	1	-98.2692
1.18507	1	0	1	-98.2692
1.186	1	0	1	-98.2692
1.18607	1	0	1	-98.2692
1.187	1	0	1	-98.2692
1.18707	1	0	1	-98.2692
1.188	1	0	1	-98.2692
1.18807	1	0	1	-98.2692
1.189	1	0	1	-98.2692
1.18907	1	0	1	-98.2692
1.19	1	0	1	-98.2692
1.19007	1	0	1	-98.2692
1.191	1	0	1	-98.2692
1.19107	1	0	1	-98.2692
1.192	1	0	1	-98.2692
1.19207	1	0	1	-98.2692
1.193	1	0	1	-98.2692
1.19307	1	0	1	-98.2692
1.194	1	0	1	-98.2692
1.19407	1	0	1	-98.2692
1.195	1	0	1	-98.2692
1.19507	1	0	1	-98.2692
1.196	1	0	1	-98.2692
1.19607	1	0	1	-98.2692
1.197	1	0	1	-98.2692
1.19707	1	0	1	-98.2692
1.198	1	0	1	-98.2692
1.19807	1	0	1	-98.2692
1.199	1	0	1	-98.2692
1.19907	1	0	1	-98.2692
1.2	1	0	1	-98.2692
1.20007	1	0	1	-98.2692
1.201	1	0	1	-98.2692
1.20107	1	0	1	-98.2692
1.202	1	0	1	-98.2692
1.20207	1	0	1	-98.2692
1.203	1	0	1	-98.2692
1.20307	1	0	1	-98.2692
1.204	1	0	1	-98.2692
1.20407	1	0	1	-98.2692
1.205	1	0	1	-98.2692
1.20507	1	0	1	-98.2692
1.206	1	0	1	-98.2692
1.20607	1	0	1	-98.2692
1.207	1	0	1	-98.2692
1.20707	1	0	1	-98.2692
1.208	1	0	1	-98.2692
1.20807	1	0	1	-98.2692
1.209	1	0	1	-98.2692
1.20907	1	0	1	-98.2692
1.21	1	0	1	-98.2692
1.21007	1	0	1	-98.2692
1.211	1	0	1	-98.2692
1.21107	1	0	1	-98.2692
1.212	1	0	1	-98.2692
1.21207	1	0	1	-98.2692
1.213	1	0	1	-98.2692
1.21307	1	0	1	-98.2692
1.214	1	0	1	-98.2692
1.21407	1	0	1	-98.2692
1.215	1	0	1	-98.2692
1.21507	1	0	1	-98.2692
1.216	1	0	1	-98.2692
1.21607	1	0	1	-98.2692
1.217	1	0	1	-98.2692
1.21707	1	0	1	-98.2692
1.218	1	0	1	-98.2692
1.21807	1	0	1	-98.2692
1.219	1	0	1	-98.2692
1.21907	1	0	1	-98.2692
1.22	1	0	1	-98.2692
1.22007	1	0	1	-98.2692
1.221	1	0	1	-98.2692
1.22107	1	0	1	-98.2692
1.222	1	0	1	-98.2692
1.22207	1	0	1	-98.2692
1.223	1	0	1	-98.2692
1.22307	1	0	1	-98.2692
1.224	1	0	1	-98.2692
1.22407	1	0	1	-98.2692
1.225	1	0	1	-98.2692
1.22507	1	0	1	-98.2692
1.226	1	0	1	-98.2692
1.22607	1	0	1	-98.2692
1.227	1	0	1	-98.2692
1.22707	1	0	1	-98.2692
1.228	1	0	1	-98.2692
1.22807	1	0	1	-98.2692
1.229	1	0	1	-98.2692
1.22907	1	0	1	-98.2692
1.23	1	0	1	-98.2692
1.23007	1	0	1	-98.2692
1.231	1	0	1	-98.2692
1.23107	1	0	1	-98.2692
1.232	1	0	1	-98.2692
1.23207	1	0	1	-98.2692
1.233	1	0	1	-98.2692
1.23307	1	0	1	-98.2692
1.234	1	0	1	-98.2692
1.23407	1	0	1	-98.2692
1.235	1	0	1	-98.2692
1.23507	1	0	1	-98.2692
1.236	1	0	1	-98.2692
1.23607	1	0	1	-98.2692
1.237	1	0	1	-98.2692
1.23707	1	0	1	-98.2692
1.238	1	0	1	-98.2692
1.23807	1	0	1	-98.2692
1.239	1	0	1	-98.2692
1.23907	1	0	1	-98.2692
1.24	1	0	1	-98.2692
1.24007	1	0	1	-98.2692
1.241	1	0	1	-98.2692
1.24107	1	0	1	-98.2692
1.242	1	0	1	-98.2692
1.24207	1	0	1	-98.2692
1.243	1	0	1	-98.2692
1.24307	1	0	1	-98.2692
1.244	1	0	1	-98.2692
1.24407	1	0	1	-98.2692
1.245	1	0	1	-98.2692
1.24507	1	0	1	-98.2692
1.246	1	0	1	-98.2692
1.24607	1	0	1	-98.2692
1.247	1	0	1	-98.2692
1.24707	1	0	1	-98.2692
1.248	1	0	1	-98.2692
1.24807	1	0	1	-98.2692
1.249	1	0	1	-98.2692
1.24907	1	0	1	-98.2692
1.25	1	0	1	-98.2692
1.25007	1	0	1	-98.2692
1.251	1	0	1	-98.2692
1.25107	1	0	1	-98.2692
1.252	1	0	1	-98.2692
1.25207	1	0	1	-98.2692
1.253	1	0	1	-98.2692
1.25307	1	0	1	-98.2692
1.254	1	0	1	-98.2692
1.25407	1	0	1	-98.2692
1.255	1	0	1	-98.2692
1.25507	1	0	1	-98.2692
1.256	1	0	1	-98.2692
1.25607	1	0	1	-98.2692
1.257	1	0	1	-98.2692
1.25707	1	0	1	-98.2692
1.258	1	0	1	-98.2692
1.25807	1	0	1	-98.2692
1.259	1	0	1	-98.2692
1.25907	1	0	1	-98.2692
1.26	1	0	1	-98.2692
1.26007	1	0	1	-98.2692
1.261	1	0	1	-98.2692
1.26107	1	0	1	-98.2692
1.262	1	0	1	-98.2692
1.26207	1	0	1	-98.2692
1.263	1	0	1	-98.2692
1.26307	1	0	1	-98.2692
1.264	1	0	1	-98.2692
1.26407	1	0	1	-98.2692
1.265	1	0	1	-98.2692
1.26507	1	0	1	-98.2692
1.266	1	0	1	-98.2692
1.26607	1	0	1	-98.2692
1.267	1	0	1	-98.2692
1.26707	1	0	1	-98.2692
1.268	1	0	1	-98.2692
1.26807	1	0	1	-98.2692
1.269	1	0	1	-98.2692
1.26907	1	0	1	-98.2692
1.27	1	0	1	-98.2692
1.27007	1	0	1	-98.2692
1.271	1	0	1	-98.2692
1.27107	1	0	1	-98.2692
1.272	1	0	1	-98.2692
1.27207	1	0	1	-98.2692
1.273	1	0	1	-98.2692
1.27307	1	0	1	-98.2692
1.274	1	0	1	-98.2692
1.27407	1	0	1	-98.2692
1.275	1	0	1	-98.2692
1.27507	1	0	1	-98.2692
1.276	1	0	1	-98.2692
1.27607	1	0	1	-98.2692
1.277	1	0	1	-98.2692
1.27707	1	0	1	-98.2692
1.278	1	0	1	-98.2692
1.27807	1	0	1	-98.2692
1.279	1	0	1	-98.2692
1.27907	1	0	1	-98.2692
1.28	1	0	1	-98.2692
1.28007	1	0	1	-98.2692
1.281	1	0	1	-98.2692
1.28107	1	0	1	-98.2692
1.282	1	0	1	-98.2692
1.28207	1	0	1	-98.2692
1.283	1	0	1	-98.2692
1.28307	1	0	1	-98.2692
1.284	1	0	1	-98.2692
1.28407	1	0	1	-98.2692
1.285	1	0	1	-98.2692
1.28507	1	0	1	-98.2692
1.286	1	0	1	-98.2692
1.28607	1	0	1	-98.2692
1.287	1	0	1	-98.2692
1.28707	1	0	1	-98.2692
1.288	1	0	1	-98.2692
1.28807	1	0	1	-98.2692
1.289	1	0	1	-98.2692
1.28907	1	0	1	-98.2692
1.29	1	0	1	-98.2692
1.29007	1	0	1	-98.2692
1.291	1	0	1	-98.2692
1.29107	1	0	1	-98.2692
1.292	1	0	1	-98.2692
1.29207	1	0	1	-98.2692
1.293	1	0	1	-98.2692
1.29307	1	0	1	-98.2692
1.294	1	0	1	-98.2692
1.29407	1	0	1	-98.2692
1.295	1	0	1	-98.2692
1.29507	1	0	1	-98.2692
1.296	1	0	1	-98.2692
1.29607	1	0	1	-98.2692
1.297	1	0	1	-98.2692
1.29707	1	0	1	-98.2692
1.298	1	0	1	-98.2692
1.29807	1	0	1	-98.2692
1.299	1	0	1	-98.2692
1.29907	1	0	1	-98.2692
1.3	1	0	1	-98.2692
1.30007	1	0	1	-98.2692
1.301	1	0	1	-98.2692
1.30107	1	0	1	-98.2692
1.302	1	0	1	-98.2692
1.30207	1	0	1	-98.2692
1.303	1	0	1	-98.2692
1.30307	1	0	1	-98.2692
1.304	1	0	1	-98.2692
1.30407	1	0	1	-98.2692
1.305	1	0	1	-98.2692
1.30507	1	0	1	-98.2692
1.306	1	0	1	-98.2692
1.30607	1	0	1	-98.2692
1.307	1	0	1	-98.2692
1.30707	1	0	1	-98.2692
1.308	1	0	1	-98.2692
1.30807	1	0	1	-98.2692
1.309	1	0	1	-98.2692
1.30907	1	0	1	-98.2692
1.31	1	0	1	-98.2692
1.31007	1	0	1	-98.2692
1.311	1	0	1	-98.2692
1.31107	1	0	1	-98.2692
1.312	1	0	1	-98.2692
1.31207	1	0	1	-98.2692
1.313	1	0	1	-98.2692
1.31307	1	0	1	-98.2692
1.314	1	0	1	-98.2692
1.31407	1	0	1	-98.2692
1.315	1	0	1	-98.2692
1.31507	1	0	1	-98.2692
1.316	1	0	1	-98.2692
1.31607	1	0	1	-98.2692
1.317	1	0	1	-98.2692
1.31707	1	0	1	-98.2692
1.318	1	0	1	-98.2692
1.31807	1	0	1	-98.2692
1.319	1	0	1	-98.2692
1.31907	1	0	1	-98.2692
1.32	1	0	1	-98.2692
1.32007	1	0	1	-98.2692
1.321	1	0	1	-98.2692
1.32107	1	0	1	-98.2692
1.322	1	0	1	-98.2692
1.32207	1	0	1	-98.2692
1.323	1	0	1	-98.2692
1.32307	1	0	1	-98.2692
1.324	1	0	1	-98.2692
1.32407	1	0	1	-98.2692
1.325	1	0	1	-98.2692
1.32507	1	0	1	-98.2692
1.326	1	0	1	-98.2692
1.32607	1	0	1	-98.2692
1.327	1	0	1	-98.2692
1.32707	1	0	1	-98.2692
1.328	1	0	1	-98.2692
1.32807	1	0	1	-98.2692
1.329	1	0	1	-98.2692
1.32907	1	0	1	-98.2692
1.33	1	0	1	-98.2692
1.33007	1	0	1	-98.2692
1.331	1	0	1	-98.2692
1.33107	1	0	1	-98.2692
1.332	1	0	1	-98.2692
1.33207	1	0	1	-98.2692
1.333	1	0	1	-98.2692
1.33307	1	0	1	-98.2692
1.334	1	0	1	-98.2692
1.33407	1	0	1	-98.2692
1.335	1	0	1	-98.2692
1.33507	1	0	1	-98.2692
1.336	1	0	1	-98.2692
1.33607	1	0	1	-98.2692
1.337	1	0	1	-98.2692
1.33707	1	0	1	-98.2692
1.338	1	0	1	-98.2692
1.33807	1	0	1	-98.2692
1.339	1	0	1	-98.2692
1.33907	1	0	1	-98.2692
1.34	1	0	1	-98.2692
1.34007	1	0	1	-98.2692
1.341	1	0	1	-98.2692
1.34107	1	0	1	-98.2692
1.342	1	0	1	-98.2692
1.34207	1	0	1	-98.2692
1.343	1	0	1	-98.2692
1.34307	1	0	1	-98.2692
1.344	1	0	1	-98.2692
1.34407	1	0	1	-98.2692
1.345	1	0	1	-98.2692
1.34507	1	0	1	-98.2692
1.346	1	0	1	-98.2692
1.34607	1	0	1	-98.2692
1.347	1	0	1	-98.2692
1.34707	1	0	1	-98.2692
1.348	1	0	1	-98.2692
1.34807	1	0	1	-98.2692
1.349	1	0	1	-98.2692
1.34907	1	0	1	-98.2692
1.35	1	0	1	-98.2692
1.35007	1	0	1	-98.2692
1.351	1	0	1	-98.2692
1.35107	1	0	1	-98.2692
1.352	1	0	1	-98.2692
1.35207	1	0	1	-98.2692
1.353	1	0	1	-98.2692
1.35307	1	0	1	-98.2692
1.354	1	0	1	-98.2692
1.35407	1	0	1	-98.2692
1.355	1	0	1	-98.2692
1.35507	1	0	1	-98.2692
1.356	1	0	1	-98.2692
1.35607	1	0	1	-98.2692
1.357	1	0	1	-98.2692
1.35707	1	0	1	-98.2692
1.358	1	0	1	-98.2692
1.35807	1	0	1	-98.2692
1.359	1	0	1	-98.2692
1.35907	1	0	1	-98.2692
1.36	1	0	1	-98.2692
1.36007	1	0	1	-98.2692
1.361	1	0	1	-98.2692
1.36107	1	0	1	-98.2692
1.362	1	0	1	-98.2692
1.36207	1	0	1	-98.2692
1.363	1	0	1	-98.2692
1.36307	1	0	1	-98.2692
1.364	1	0	1	-98.2692
1.36407	1	0	1	-98.2692
1.365	1	0	1	-98.2692
1.36507	1	0	1	-98.2692
1.366	1	0	1	-98.2692
1.36607	1	0	1	-98.2692
1.367	1	0	1	-98.2692
1.36707	1	0	1	-98.2692
1.368	1	0	1	-98.2692
1.36807	1	0	1	-98.2692
1.369	1	0	1	-98.2692
1.36907	1	0	1	-98.2692
1.37	1	0	1	-98.2692
1.37007	1	0	1	-98.2692
1.371	1	0	1	-98.2692
1.37107	1	0	1	-98.2692
1.372	1	0	1	-98.2692
1.37207	1	0	1	-98.2692
1.373	1	0	1	-98.2692
1.37307	1	0	1	-98.2692
1.374	1	0	1	-98.2692
1.37407	1	0	1	-98.2692
1.375	1	0	1	-98.2692
1.37507	1	0	1	-98.2692
1.376	1	0	1	-98.2692
1.37607	1	0	1	-98.2692
1.377	1	0	1	-98.2692
1.37707	1	0	1	-98.2692
1.378	1	0	1	-98.2692
1.37807	1	0	1	-98.2692
1.379	1	0	1	-98.2692
1.37907	1	0	1	-98.2692
1.38	1	0	1	-98.2692
1.38007	1	0	1	-98.2692
1.381	1	0	1	-98.2692
1.38107	1	0	1	-98.2692
1.382	1	0	1	-98.2692
1.38207	1	0	1	-98.2692
1.383	1	0	1	-98.2692
1.38307	1	0	1	-98.2692
1.384	1	0	1	-98.2692
1.38407	1	0	1	-98.2692
1.385	1	0	1	-98.2692
1.38507	1	0	1	-98.2692
1.386	1	0	1	-98.2692
1.38607	1	0	1	-98.2692
1.387	1	0	1	-98.2692
1.38707	1	0	1	-98.2692
1.388	1	0	1	-98.2692
1.38807	1	0	1	-98.2692
1.389	1	0	1	-98.2692
1.38907	1	0	1	-98.2692
1.39	1	0	1	-98.2692
1.39007	1	0	1	-98.2692
1.391	1	0	1	-98.2692
1.39107	1	0	1	-98.2692
1.392	1	0	1	-98.2692
1.39207	1	0	1	-98.2692
1.393	1	0	1	-98.2692
1.39307	1	0	1	-98.2692
1.394	1	0	1	-98.2692
1.39407	1	0	1	-98.2692
1.395	1	0	1	-98.2692
1.39507	1	0	1	-98.2692
1.396	1	0	1	-98.2692
1.39607	1	0	1	-98.2692
1.397	1	0	1	-98.2692
1.39707	1	0	1	-98.2692
1.398	1	0	1	-98.2692
1.39807	1	0	1	-98.2692
1.399	1	0	1	-98.2692
1.39907	1	0	1	-98.2692
