time(s)	cellId	rnti	lcid	packetSize	delay(s)
0.404029	1	1	5	198	0.00302856
0.405029	1	1	5	198	0.00302856
0.406029	1	1	5	198	0.00302856
0.407029	1	1	5	198	0.00302856
0.408029	1	1	5	198	0.00302856
0.409029	1	1	5	198	0.00302856
0.410029	1	1	5	8688	0.00302856
0.411029	1	1	5	8688	0.00302856
0.412029	1	1	5	8688	0.00302856
0.413029	1	1	5	8688	0.00302856
0.414029	1	1	5	8688	0.00302856
0.415029	1	1	5	8688	0.00302856
0.416029	1	1	5	8688	0.00302856
0.417029	1	1	5	8688	0.00302856
0.418029	1	1	5	8688	0.00302856
0.419029	1	1	5	8688	0.00302856
0.420029	1	1	5	8688	0.00302856
0.421029	1	1	5	8688	0.00302856
0.422029	1	1	5	8688	0.00302856
0.423029	1	1	5	8688	0.00302856
0.424029	1	1	5	8688	0.00302856
0.425029	1	1	5	8688	0.00302856
0.426029	1	1	5	8688	0.00302856
0.427029	1	1	5	8688	0.00302856
0.428029	1	1	5	8688	0.00302856
0.429029	1	1	5	8688	0.00302856
0.430029	1	1	5	8688	0.00302856
0.431029	1	1	5	8688	0.00302856
0.432029	1	1	5	8688	0.00302856
0.433029	1	1	5	8688	0.00302856
0.434029	1	1	5	8688	0.00302856
0.435029	1	1	5	8688	0.00302856
0.436029	1	1	5	8688	0.00302856
0.437029	1	1	5	8688	0.00302856
0.438029	1	1	5	8688	0.00302856
0.439029	1	1	5	8688	0.00302856
0.440029	1	1	5	8688	0.00302856
0.441029	1	1	5	8688	0.00302856
0.442029	1	1	5	8688	0.00302856
0.443029	1	1	5	8688	0.00302856
0.444029	1	1	5	8688	0.00302856
0.445029	1	1	5	8688	0.00302856
0.446029	1	1	5	8688	0.00302856
0.447029	1	1	5	8688	0.00302856
0.448029	1	1	5	8688	0.00302856
0.449029	1	1	5	8688	0.00302856
0.450029	1	1	5	8688	0.00302856
0.450957	1	1	5	7965	0.00295714
0.452029	1	1	5	8688	0.00302856
0.453029	1	1	5	8688	0.00302856
0.454029	1	1	5	8688	0.00302856
0.455029	1	1	5	8688	0.00302856
0.456029	1	1	5	8688	0.00302856
0.457029	1	1	5	8688	0.00302856
0.458029	1	1	5	8688	0.00302856
0.459029	1	1	5	8688	0.00302856
0.460029	1	1	5	8688	0.00302856
0.461029	1	1	5	8688	0.00302856
0.462029	1	1	5	8688	0.00302856
0.463029	1	1	5	8688	0.00302856
0.464029	1	1	5	8688	0.00302856
0.465029	1	1	5	8688	0.00302856
0.466029	1	1	5	8688	0.00302856
0.467029	1	1	5	8688	0.00302856
0.468029	1	1	5	8688	0.00302856
0.469029	1	1	5	8688	0.00302856
0.470029	1	1	5	8688	0.00302856
0.471029	1	1	5	8688	0.00302856
0.472029	1	1	5	8688	0.00302856
0.473029	1	1	5	8688	0.00302856
0.474029	1	1	5	8688	0.00302856
0.475029	1	1	5	8688	0.00302856
0.476029	1	1	5	8688	0.00302856
0.477029	1	1	5	8688	0.00302856
0.478029	1	1	5	8688	0.00302856
0.479029	1	1	5	8688	0.00302856
0.480029	1	1	5	8688	0.00302856
0.481029	1	1	5	8688	0.00302856
0.482029	1	1	5	8688	0.00302856
0.483029	1	1	5	8688	0.00302856
0.484029	1	1	5	8688	0.00302856
0.485029	1	1	5	8688	0.00302856
0.486029	1	1	5	8688	0.00302856
0.487029	1	1	5	8688	0.00302856
0.488029	1	1	5	8688	0.00302856
0.489029	1	1	5	8688	0.00302856
0.490029	1	1	5	8688	0.00302856
0.491029	1	1	5	8688	0.00302856
0.492029	1	1	5	8688	0.00302856
0.493029	1	1	5	8688	0.00302856
0.494029	1	1	5	8688	0.00302856
0.495029	1	1	5	8688	0.00302856
0.496029	1	1	5	8688	0.00302856
0.497029	1	1	5	8688	0.00302856
0.498029	1	1	5	8688	0.00302856
0.499029	1	1	5	8688	0.00302856
0.500029	1	1	5	8688	0.00302856
0.501029	1	1	5	8688	0.00302856
0.502029	1	1	5	8688	0.00302856
0.503029	1	1	5	8688	0.00302856
0.504029	1	1	5	8688	0.00302856
0.505029	1	1	5	8688	0.00302856
0.506029	1	1	5	8688	0.00302856
0.507029	1	1	5	8688	0.00302856
0.508029	1	1	5	8688	0.00302856
0.509029	1	1	5	8688	0.00302856
0.510029	1	1	5	8688	0.00302856
0.511029	1	1	5	8688	0.00302856
0.512029	1	1	5	8688	0.00302856
0.513029	1	1	5	8688	0.00302856
0.514029	1	1	5	8688	0.00302856
0.515029	1	1	5	8688	0.00302856
0.516029	1	1	5	8688	0.00302856
0.517029	1	1	5	8688	0.00302856
0.518029	1	1	5	8688	0.00302856
0.519029	1	1	5	8688	0.00302856
0.520029	1	1	5	8688	0.00302856
0.521029	1	1	5	8688	0.00302856
0.522029	1	1	5	8688	0.00302856
0.523029	1	1	5	8688	0.00302856
0.524029	1	1	5	8688	0.00302856
0.525029	1	1	5	8688	0.00302856
0.526029	1	1	5	8688	0.00302856
0.527029	1	1	5	8688	0.00302856
0.528029	1	1	5	8688	0.00302856
0.529029	1	1	5	8688	0.00302856
0.530029	1	1	5	8688	0.00302856
0.530957	1	1	5	7965	0.00295714
0.532029	1	1	5	8688	0.00302856
0.533029	1	1	5	8688	0.00302856
0.534029	1	1	5	8688	0.00302856
0.535029	1	1	5	8688	0.00302856
0.536029	1	1	5	8688	0.00302856
0.537029	1	1	5	8688	0.00302856
0.538029	1	1	5	8688	0.00302856
0.539029	1	1	5	8688	0.00302856
0.540029	1	1	5	8688	0.00302856
0.541029	1	1	5	8688	0.00302856
0.542029	1	1	5	8688	0.00302856
0.543029	1	1	5	8688	0.00302856
0.544029	1	1	5	8688	0.00302856
0.545029	1	1	5	8688	0.00302856
0.546029	1	1	5	8688	0.00302856
0.547029	1	1	5	8688	0.00302856
0.548029	1	1	5	8688	0.00302856
0.549029	1	1	5	8688	0.00302856
0.550029	1	1	5	8688	0.00302856
0.551029	1	1	5	8688	0.00302856
0.552029	1	1	5	8688	0.00302856
0.553029	1	1	5	8688	0.00302856
0.554029	1	1	5	8688	0.00302856
0.555029	1	1	5	8688	0.00302856
0.556029	1	1	5	8688	0.00302856
0.557029	1	1	5	8688	0.00302856
0.558029	1	1	5	8688	0.00302856
0.559029	1	1	5	8688	0.00302856
0.560029	1	1	5	8688	0.00302856
0.561029	1	1	5	8688	0.00302856
0.562029	1	1	5	8688	0.00302856
0.563029	1	1	5	8688	0.00302856
0.564029	1	1	5	8688	0.00302856
0.565029	1	1	5	8688	0.00302856
0.566029	1	1	5	8688	0.00302856
0.567029	1	1	5	8688	0.00302856
0.568029	1	1	5	8688	0.00302856
0.569029	1	1	5	8688	0.00302856
0.570029	1	1	5	8688	0.00302856
0.571029	1	1	5	8688	0.00302856
0.572029	1	1	5	8688	0.00302856
0.573029	1	1	5	8688	0.00302856
0.574029	1	1	5	8688	0.00302856
0.575029	1	1	5	8688	0.00302856
0.576029	1	1	5	8688	0.00302856
0.577029	1	1	5	8688	0.00302856
0.578029	1	1	5	8688	0.00302856
0.579029	1	1	5	8688	0.00302856
0.580029	1	1	5	8688	0.00302856
0.581029	1	1	5	8688	0.00302856
0.582029	1	1	5	8688	0.00302856
0.583029	1	1	5	8688	0.00302856
0.584029	1	1	5	8688	0.00302856
0.585029	1	1	5	8688	0.00302856
0.586029	1	1	5	8688	0.00302856
0.587029	1	1	5	8688	0.00302856
0.588029	1	1	5	8688	0.00302856
0.589029	1	1	5	8688	0.00302856
0.590029	1	1	5	8688	0.00302856
0.591029	1	1	5	8688	0.00302856
0.592029	1	1	5	8688	0.00302856
0.593029	1	1	5	8688	0.00302856
0.594029	1	1	5	8688	0.00302856
0.595029	1	1	5	8688	0.00302856
0.596029	1	1	5	8688	0.00302856
0.597029	1	1	5	8688	0.00302856
0.598029	1	1	5	8688	0.00302856
0.599029	1	1	5	8688	0.00302856
0.600029	1	1	5	8688	0.00302856
0.601029	1	1	5	8688	0.00302856
0.602029	1	1	5	8688	0.00302856
0.603029	1	1	5	8688	0.00302856
0.604029	1	1	5	8688	0.00302856
0.605029	1	1	5	8688	0.00302856
0.606029	1	1	5	8688	0.00302856
0.607029	1	1	5	8688	0.00302856
0.608029	1	1	5	8688	0.00302856
0.609029	1	1	5	8688	0.00302856
0.610029	1	1	5	8688	0.00302856
0.610957	1	1	5	7965	0.00295714
0.612029	1	1	5	8688	0.00302856
0.613029	1	1	5	8688	0.00302856
0.614029	1	1	5	8688	0.00302856
0.615029	1	1	5	8688	0.00302856
0.616029	1	1	5	8688	0.00302856
0.617029	1	1	5	8688	0.00302856
0.618029	1	1	5	8688	0.00302856
0.619029	1	1	5	8688	0.00302856
0.620029	1	1	5	8688	0.00302856
0.621029	1	1	5	8688	0.00302856
0.622029	1	1	5	8688	0.00302856
0.623029	1	1	5	8688	0.00302856
0.624029	1	1	5	8688	0.00302856
0.625029	1	1	5	8688	0.00302856
0.626029	1	1	5	8688	0.00302856
0.627029	1	1	5	8688	0.00302856
0.628029	1	1	5	8688	0.00302856
0.629029	1	1	5	8688	0.00302856
0.630029	1	1	5	8688	0.00302856
0.631029	1	1	5	8688	0.00302856
0.632029	1	1	5	8688	0.00302856
0.633029	1	1	5	8688	0.00302856
0.634029	1	1	5	8688	0.00302856
0.635029	1	1	5	8688	0.00302856
0.636029	1	1	5	8688	0.00302856
0.637029	1	1	5	8688	0.00302856
0.638029	1	1	5	8688	0.00302856
0.639029	1	1	5	8688	0.00302856
0.640029	1	1	5	8688	0.00302856
0.641029	1	1	5	8688	0.00302856
0.642029	1	1	5	8688	0.00302856
0.643029	1	1	5	8688	0.00302856
0.644029	1	1	5	8688	0.00302856
0.645029	1	1	5	8688	0.00302856
0.646029	1	1	5	8688	0.00302856
0.647029	1	1	5	8688	0.00302856
0.648029	1	1	5	8688	0.00302856
0.649029	1	1	5	8688	0.00302856
0.650029	1	1	5	8688	0.00302856
0.651029	1	1	5	8688	0.00302856
0.652029	1	1	5	8688	0.00302856
0.653029	1	1	5	8688	0.00302856
0.654029	1	1	5	8688	0.00302856
0.655029	1	1	5	8688	0.00302856
0.656029	1	1	5	8688	0.00302856
0.657029	1	1	5	8688	0.00302856
0.658029	1	1	5	8688	0.00302856
0.659029	1	1	5	8688	0.00302856
0.660029	1	1	5	8688	0.00302856
0.661029	1	1	5	8688	0.00302856
0.662029	1	1	5	8688	0.00302856
0.663029	1	1	5	8688	0.00302856
0.664029	1	1	5	8688	0.00302856
0.665029	1	1	5	8688	0.00302856
0.666029	1	1	5	8688	0.00302856
0.667029	1	1	5	8688	0.00302856
0.668029	1	1	5	8688	0.00302856
0.669029	1	1	5	8688	0.00302856
0.670029	1	1	5	8688	0.00302856
0.671029	1	1	5	8688	0.00302856
0.672029	1	1	5	8688	0.00302856
0.673029	1	1	5	8688	0.00302856
0.674029	1	1	5	8688	0.00302856
0.675029	1	1	5	8688	0.00302856
0.676029	1	1	5	8688	0.00302856
0.677029	1	1	5	8688	0.00302856
0.678029	1	1	5	8688	0.00302856
0.679029	1	1	5	8688	0.00302856
0.680029	1	1	5	8688	0.00302856
0.681029	1	1	5	8688	0.00302856
0.682029	1	1	5	8688	0.00302856
0.683029	1	1	5	8688	0.00302856
0.684029	1	1	5	8688	0.00302856
0.685029	1	1	5	8688	0.00302856
0.686029	1	1	5	8688	0.00302856
0.687029	1	1	5	8688	0.00302856
0.688029	1	1	5	8688	0.00302856
0.689029	1	1	5	8688	0.00302856
0.690029	1	1	5	8688	0.00302856
0.690957	1	1	5	7965	0.00295714
0.692029	1	1	5	8688	0.00302856
0.693029	1	1	5	8688	0.00302856
0.694029	1	1	5	8688	0.00302856
0.695029	1	1	5	8688	0.00302856
0.696029	1	1	5	8688	0.00302856
0.697029	1	1	5	8688	0.00302856
0.698029	1	1	5	8688	0.00302856
0.699029	1	1	5	8688	0.00302856
0.700029	1	1	5	8688	0.00302856
0.701029	1	1	5	8688	0.00302856
0.702029	1	1	5	8688	0.00302856
0.703029	1	1	5	8688	0.00302856
0.704029	1	1	5	8688	0.00302856
0.705029	1	1	5	8688	0.00302856
0.706029	1	1	5	8688	0.00302856
0.707029	1	1	5	8688	0.00302856
0.708029	1	1	5	8688	0.00302856
0.709029	1	1	5	8688	0.00302856
0.710029	1	1	5	8688	0.00302856
0.711029	1	1	5	8688	0.00302856
0.712029	1	1	5	8688	0.00302856
0.713029	1	1	5	8688	0.00302856
0.714029	1	1	5	8688	0.00302856
0.715029	1	1	5	8688	0.00302856
0.716029	1	1	5	8688	0.00302856
0.717029	1	1	5	8688	0.00302856
0.718029	1	1	5	8688	0.00302856
0.719029	1	1	5	8688	0.00302856
0.720029	1	1	5	8688	0.00302856
0.721029	1	1	5	8688	0.00302856
0.722029	1	1	5	8688	0.00302856
0.723029	1	1	5	8688	0.00302856
0.724029	1	1	5	8688	0.00302856
0.725029	1	1	5	8688	0.00302856
0.726029	1	1	5	8688	0.00302856
0.727029	1	1	5	8688	0.00302856
0.728029	1	1	5	8688	0.00302856
0.729029	1	1	5	8688	0.00302856
0.730029	1	1	5	8688	0.00302856
0.731029	1	1	5	8688	0.00302856
0.732029	1	1	5	8688	0.00302856
0.733029	1	1	5	8688	0.00302856
0.734029	1	1	5	8688	0.00302856
0.735029	1	1	5	8688	0.00302856
0.736029	1	1	5	8688	0.00302856
0.737029	1	1	5	8688	0.00302856
0.738029	1	1	5	8688	0.00302856
0.739029	1	1	5	8688	0.00302856
0.740029	1	1	5	8688	0.00302856
0.741029	1	1	5	8688	0.00302856
0.742029	1	1	5	8688	0.00302856
0.743029	1	1	5	8688	0.00302856
0.744029	1	1	5	8688	0.00302856
0.745029	1	1	5	8688	0.00302856
0.746029	1	1	5	8688	0.00302856
0.747029	1	1	5	8688	0.00302856
0.748029	1	1	5	8688	0.00302856
0.749029	1	1	5	8688	0.00302856
0.750029	1	1	5	8688	0.00302856
0.751029	1	1	5	8688	0.00302856
0.752029	1	1	5	8688	0.00302856
0.753029	1	1	5	8688	0.00302856
0.754029	1	1	5	8688	0.00302856
0.755029	1	1	5	8688	0.00302856
0.756029	1	1	5	8688	0.00302856
0.757029	1	1	5	8688	0.00302856
0.758029	1	1	5	8688	0.00302856
0.759029	1	1	5	8688	0.00302856
0.760029	1	1	5	8688	0.00302856
0.761029	1	1	5	8688	0.00302856
0.762029	1	1	5	8688	0.00302856
0.763029	1	1	5	8688	0.00302856
0.764029	1	1	5	8688	0.00302856
0.765029	1	1	5	8688	0.00302856
0.766029	1	1	5	8688	0.00302856
0.767029	1	1	5	8688	0.00302856
0.768029	1	1	5	8688	0.00302856
0.769029	1	1	5	8688	0.00302856
0.770029	1	1	5	8688	0.00302856
0.770957	1	1	5	7965	0.00295714
0.772029	1	1	5	8688	0.00302856
0.773029	1	1	5	8688	0.00302856
0.774029	1	1	5	8688	0.00302856
0.775029	1	1	5	8688	0.00302856
0.776029	1	1	5	8688	0.00302856
0.777029	1	1	5	8688	0.00302856
0.778029	1	1	5	8688	0.00302856
0.779029	1	1	5	8688	0.00302856
0.780029	1	1	5	8688	0.00302856
0.781029	1	1	5	8688	0.00302856
0.782029	1	1	5	8688	0.00302856
0.783029	1	1	5	8688	0.00302856
0.784029	1	1	5	8688	0.00302856
0.785029	1	1	5	8688	0.00302856
0.786029	1	1	5	8688	0.00302856
0.787029	1	1	5	8688	0.00302856
0.788029	1	1	5	8688	0.00302856
0.789029	1	1	5	8688	0.00302856
0.790029	1	1	5	8688	0.00302856
0.791029	1	1	5	8688	0.00302856
0.792029	1	1	5	8688	0.00302856
0.793029	1	1	5	8688	0.00302856
0.794029	1	1	5	8688	0.00302856
0.795029	1	1	5	8688	0.00302856
0.796029	1	1	5	8688	0.00302856
0.797029	1	1	5	8688	0.00302856
0.798029	1	1	5	8688	0.00302856
0.799029	1	1	5	8688	0.00302856
0.800029	1	1	5	8688	0.00302856
0.801029	1	1	5	8688	0.00302856
0.802029	1	1	5	8688	0.00302856
0.803029	1	1	5	8688	0.00302856
0.804029	1	1	5	8688	0.00302856
0.805029	1	1	5	8688	0.00302856
0.806029	1	1	5	8688	0.00302856
0.807029	1	1	5	8688	0.00302856
0.808029	1	1	5	8688	0.00302856
0.809029	1	1	5	8688	0.00302856
0.810029	1	1	5	8688	0.00302856
0.811029	1	1	5	8688	0.00302856
0.812029	1	1	5	8688	0.00302856
0.813029	1	1	5	8688	0.00302856
0.814029	1	1	5	8688	0.00302856
0.815029	1	1	5	8688	0.00302856
0.816029	1	1	5	8688	0.00302856
0.817029	1	1	5	8688	0.00302856
0.818029	1	1	5	8688	0.00302856
0.819029	1	1	5	8688	0.00302856
0.820029	1	1	5	8688	0.00302856
0.821029	1	1	5	8688	0.00302856
0.822029	1	1	5	8688	0.00302856
0.823029	1	1	5	8688	0.00302856
0.824029	1	1	5	8688	0.00302856
0.825029	1	1	5	8688	0.00302856
0.826029	1	1	5	8686	0.00302856
0.827029	1	1	5	8688	0.00302856
0.828029	1	1	5	8688	0.00302856
0.829029	1	1	5	8688	0.00302856
0.830029	1	1	5	8688	0.00302856
0.831029	1	1	5	8688	0.00302856
0.832029	1	1	5	8688	0.00302856
0.833029	1	1	5	8688	0.00302856
0.834029	1	1	5	8688	0.00302856
0.835029	1	1	5	8688	0.00302856
0.836029	1	1	5	8688	0.00302856
0.837029	1	1	5	8688	0.00302856
0.838029	1	1	5	8688	0.00302856
0.839029	1	1	5	8688	0.00302856
0.840029	1	1	5	8688	0.00302856
0.841029	1	1	5	8688	0.00302856
0.842029	1	1	5	8688	0.00302856
0.843029	1	1	5	8688	0.00302856
0.844029	1	1	5	8688	0.00302856
0.845029	1	1	5	8688	0.00302856
0.846029	1	1	5	8688	0.00302856
0.847029	1	1	5	8688	0.00302856
0.848029	1	1	5	8688	0.00302856
0.849029	1	1	5	8688	0.00302856
0.850029	1	1	5	8688	0.00302856
0.850957	1	1	5	7965	0.00295714
0.852029	1	1	5	8688	0.00302856
0.853029	1	1	5	8688	0.00302856
0.854029	1	1	5	8688	0.00302856
0.855029	1	1	5	8688	0.00302856
0.856029	1	1	5	8688	0.00302856
0.857029	1	1	5	8688	0.00302856
0.858029	1	1	5	8688	0.00302856
0.859029	1	1	5	8688	0.00302856
0.860029	1	1	5	8688	0.00302856
0.861029	1	1	5	8688	0.00302856
0.862029	1	1	5	8688	0.00302856
0.863029	1	1	5	8688	0.00302856
0.864029	1	1	5	8688	0.00302856
0.865029	1	1	5	8688	0.00302856
0.866029	1	1	5	8688	0.00302856
0.867029	1	1	5	8688	0.00302856
0.868029	1	1	5	8688	0.00302856
0.869029	1	1	5	8688	0.00302856
0.870029	1	1	5	8688	0.00302856
0.871029	1	1	5	8688	0.00302856
0.872029	1	1	5	8688	0.00302856
0.873029	1	1	5	8688	0.00302856
0.874029	1	1	5	8688	0.00302856
0.875029	1	1	5	8688	0.00302856
0.876029	1	1	5	8688	0.00302856
0.877029	1	1	5	8688	0.00302856
0.878029	1	1	5	8688	0.00302856
0.879029	1	1	5	8688	0.00302856
0.880029	1	1	5	8688	0.00302856
0.881029	1	1	5	8688	0.00302856
0.882029	1	1	5	8688	0.00302856
0.883029	1	1	5	8688	0.00302856
0.884029	1	1	5	8688	0.00302856
0.885029	1	1	5	8688	0.00302856
0.886029	1	1	5	8688	0.00302856
0.887029	1	1	5	8688	0.00302856
0.888029	1	1	5	8688	0.00302856
0.889029	1	1	5	8688	0.00302856
0.890029	1	1	5	8688	0.00302856
0.891029	1	1	5	8688	0.00302856
0.892029	1	1	5	8688	0.00302856
0.893029	1	1	5	8688	0.00302856
0.894029	1	1	5	8688	0.00302856
0.895029	1	1	5	8688	0.00302856
0.896029	1	1	5	8688	0.00302856
0.897029	1	1	5	8688	0.00302856
0.898029	1	1	5	8688	0.00302856
0.899029	1	1	5	8688	0.00302856
0.900029	1	1	5	8688	0.00302856
0.901029	1	1	5	8688	0.00302856
0.902029	1	1	5	8688	0.00302856
0.903029	1	1	5	8688	0.00302856
0.904029	1	1	5	8688	0.00302856
0.905029	1	1	5	8688	0.00302856
0.906029	1	1	5	8688	0.00302856
0.907029	1	1	5	8688	0.00302856
0.908029	1	1	5	8688	0.00302856
0.909029	1	1	5	8688	0.00302856
0.910029	1	1	5	8688	0.00302856
0.911029	1	1	5	8688	0.00302856
0.912029	1	1	5	8688	0.00302856
0.913029	1	1	5	8688	0.00302856
0.914029	1	1	5	8688	0.00302856
0.915029	1	1	5	8688	0.00302856
0.916029	1	1	5	8688	0.00302856
0.917029	1	1	5	8688	0.00302856
0.918029	1	1	5	8688	0.00302856
0.919029	1	1	5	8688	0.00302856
0.920029	1	1	5	8688	0.00302856
0.921029	1	1	5	8688	0.00302856
0.922029	1	1	5	8688	0.00302856
0.923029	1	1	5	8688	0.00302856
0.924029	1	1	5	8688	0.00302856
0.925029	1	1	5	8688	0.00302856
0.926029	1	1	5	8688	0.00302856
0.927029	1	1	5	8688	0.00302856
0.928029	1	1	5	8688	0.00302856
0.929029	1	1	5	8688	0.00302856
0.930029	1	1	5	8688	0.00302856
0.930957	1	1	5	7965	0.00295714
0.932029	1	1	5	8688	0.00302856
0.933029	1	1	5	8688	0.00302856
0.934029	1	1	5	8688	0.00302856
0.935029	1	1	5	8688	0.00302856
0.936029	1	1	5	8688	0.00302856
0.937029	1	1	5	8688	0.00302856
0.938029	1	1	5	8688	0.00302856
0.939029	1	1	5	8688	0.00302856
0.940029	1	1	5	8688	0.00302856
0.941029	1	1	5	8688	0.00302856
0.942029	1	1	5	8688	0.00302856
0.943029	1	1	5	8688	0.00302856
0.944029	1	1	5	8688	0.00302856
0.945029	1	1	5	8688	0.00302856
0.946029	1	1	5	8688	0.00302856
0.947029	1	1	5	8688	0.00302856
0.948029	1	1	5	8688	0.00302856
0.949029	1	1	5	8688	0.00302856
0.950029	1	1	5	8688	0.00302856
0.951029	1	1	5	8688	0.00302856
0.952029	1	1	5	8688	0.00302856
0.953029	1	1	5	8688	0.00302856
0.954029	1	1	5	8688	0.00302856
0.955029	1	1	5	8688	0.00302856
0.956029	1	1	5	8688	0.00302856
0.957029	1	1	5	8688	0.00302856
0.958029	1	1	5	8688	0.00302856
0.959029	1	1	5	8688	0.00302856
0.960029	1	1	5	8688	0.00302856
0.961029	1	1	5	8688	0.00302856
0.962029	1	1	5	8688	0.00302856
0.963029	1	1	5	8688	0.00302856
0.964029	1	1	5	8688	0.00302856
0.965029	1	1	5	8688	0.00302856
0.966029	1	1	5	8688	0.00302856
0.967029	1	1	5	8688	0.00302856
0.968029	1	1	5	8688	0.00302856
0.969029	1	1	5	8688	0.00302856
0.970029	1	1	5	8688	0.00302856
0.971029	1	1	5	8688	0.00302856
0.972029	1	1	5	8688	0.00302856
0.973029	1	1	5	8688	0.00302856
0.974029	1	1	5	8688	0.00302856
0.975029	1	1	5	8688	0.00302856
0.976029	1	1	5	8688	0.00302856
0.977029	1	1	5	8688	0.00302856
0.978029	1	1	5	8688	0.00302856
0.979029	1	1	5	8688	0.00302856
0.980029	1	1	5	8688	0.00302856
0.981029	1	1	5	8688	0.00302856
0.982029	1	1	5	8688	0.00302856
0.983029	1	1	5	8688	0.00302856
0.984029	1	1	5	8688	0.00302856
0.985029	1	1	5	8688	0.00302856
0.986029	1	1	5	8688	0.00302856
0.987029	1	1	5	8688	0.00302856
0.988029	1	1	5	8688	0.00302856
0.989029	1	1	5	8688	0.00302856
0.990029	1	1	5	8688	0.00302856
0.991029	1	1	5	8688	0.00302856
0.992029	1	1	5	8688	0.00302856
0.993029	1	1	5	8688	0.00302856
0.994029	1	1	5	8688	0.00302856
0.995029	1	1	5	8688	0.00302856
0.996029	1	1	5	8688	0.00302856
0.997029	1	1	5	8688	0.00302856
0.998029	1	1	5	8688	0.00302856
0.999029	1	1	5	8688	0.00302856
1.00003	1	1	5	8688	0.00302856
1.00103	1	1	5	8688	0.00302856
1.00203	1	1	5	8688	0.00302856
1.00303	1	1	5	8688	0.00302856
1.00403	1	1	5	8688	0.00302856
1.00503	1	1	5	8688	0.00302856
1.00603	1	1	5	8688	0.00302856
1.00703	1	1	5	8688	0.00302856
1.00803	1	1	5	8688	0.00302856
1.00903	1	1	5	8688	0.00302856
1.01003	1	1	5	8688	0.00302856
1.01096	1	1	5	7965	0.00295714
1.01203	1	1	5	8688	0.00302856
1.01303	1	1	5	8688	0.00302856
1.01403	1	1	5	8688	0.00302856
1.01503	1	1	5	8688	0.00302856
1.01603	1	1	5	8688	0.00302856
1.01703	1	1	5	8688	0.00302856
1.01803	1	1	5	8688	0.00302856
1.01903	1	1	5	8688	0.00302856
1.02003	1	1	5	8688	0.00302856
1.02103	1	1	5	8688	0.00302856
1.02203	1	1	5	8688	0.00302856
1.02303	1	1	5	8688	0.00302856
1.02403	1	1	5	8688	0.00302856
1.02503	1	1	5	8688	0.00302856
1.02603	1	1	5	8688	0.00302856
1.02703	1	1	5	8688	0.00302856
1.02803	1	1	5	8688	0.00302856
1.02903	1	1	5	8688	0.00302856
1.03003	1	1	5	8688	0.00302856
1.03103	1	1	5	8688	0.00302856
1.03203	1	1	5	8688	0.00302856
1.03303	1	1	5	8688	0.00302856
1.03403	1	1	5	8688	0.00302856
1.03503	1	1	5	8688	0.00302856
1.03603	1	1	5	8688	0.00302856
1.03703	1	1	5	8688	0.00302856
1.03803	1	1	5	8688	0.00302856
1.03903	1	1	5	8688	0.00302856
1.04003	1	1	5	8688	0.00302856
1.04103	1	1	5	8688	0.00302856
1.04203	1	1	5	8688	0.00302856
1.04303	1	1	5	8688	0.00302856
1.04403	1	1	5	8688	0.00302856
1.04503	1	1	5	8687	0.00302856
1.04603	1	1	5	8688	0.00302856
1.04703	1	1	5	8688	0.00302856
1.04803	1	1	5	8688	0.00302856
1.04903	1	1	5	8688	0.00302856
1.05003	1	1	5	8688	0.00302856
1.05103	1	1	5	8688	0.00302856
1.05203	1	1	5	8688	0.00302856
1.05303	1	1	5	8688	0.00302856
1.05403	1	1	5	8688	0.00302856
1.05503	1	1	5	8688	0.00302856
1.05603	1	1	5	8688	0.00302856
1.05703	1	1	5	8688	0.00302856
1.05803	1	1	5	8688	0.00302856
1.05903	1	1	5	8688	0.00302856
1.06003	1	1	5	8688	0.00302856
1.06103	1	1	5	8688	0.00302856
1.06203	1	1	5	8688	0.00302856
1.06303	1	1	5	8688	0.00302856
1.06403	1	1	5	8688	0.00302856
1.06503	1	1	5	8688	0.00302856
1.06603	1	1	5	8688	0.00302856
1.06703	1	1	5	8688	0.00302856
1.06803	1	1	5	8688	0.00302856
1.06903	1	1	5	8688	0.00302856
1.07003	1	1	5	8688	0.00302856
1.07103	1	1	5	8688	0.00302856
1.07203	1	1	5	8688	0.00302856
1.07303	1	1	5	8688	0.00302856
1.07403	1	1	5	8688	0.00302856
1.07503	1	1	5	8688	0.00302856
1.07603	1	1	5	8688	0.00302856
1.07703	1	1	5	8688	0.00302856
1.07803	1	1	5	8688	0.00302856
1.07903	1	1	5	8688	0.00302856
1.08003	1	1	5	8688	0.00302856
1.08103	1	1	5	8688	0.00302856
1.08203	1	1	5	8688	0.00302856
1.08303	1	1	5	8688	0.00302856
1.08403	1	1	5	8688	0.00302856
1.08503	1	1	5	8688	0.00302856
1.08603	1	1	5	8688	0.00302856
1.08703	1	1	5	8688	0.00302856
1.08803	1	1	5	8688	0.00302856
1.08903	1	1	5	8688	0.00302856
1.09003	1	1	5	8688	0.00302856
1.09096	1	1	5	7965	0.00295714
1.09203	1	1	5	8688	0.00302856
1.09303	1	1	5	8688	0.00302856
1.09403	1	1	5	8688	0.00302856
1.09503	1	1	5	8688	0.00302856
1.09603	1	1	5	8688	0.00302856
1.09703	1	1	5	8688	0.00302856
1.09803	1	1	5	8688	0.00302856
1.09903	1	1	5	8688	0.00302856
1.10003	1	1	5	8688	0.00302856
1.10103	1	1	5	8688	0.00302856
1.10203	1	1	5	8688	0.00302856
1.10303	1	1	5	8688	0.00302856
1.10403	1	1	5	8688	0.00302856
1.10503	1	1	5	8688	0.00302856
1.10603	1	1	5	8688	0.00302856
1.10703	1	1	5	8688	0.00302856
1.10803	1	1	5	8688	0.00302856
1.10903	1	1	5	8688	0.00302856
1.11003	1	1	5	8688	0.00302856
1.11103	1	1	5	8688	0.00302856
1.11203	1	1	5	8688	0.00302856
1.11303	1	1	5	8688	0.00302856
1.11403	1	1	5	8688	0.00302856
1.11503	1	1	5	8688	0.00302856
1.11603	1	1	5	8688	0.00302856
1.11703	1	1	5	8688	0.00302856
1.11803	1	1	5	8687	0.00302856
1.11903	1	1	5	8688	0.00302856
1.12003	1	1	5	8688	0.00302856
1.12103	1	1	5	8688	0.00302856
1.12203	1	1	5	8688	0.00302856
1.12303	1	1	5	8688	0.00302856
1.12403	1	1	5	8688	0.00302856
1.12503	1	1	5	8688	0.00302856
1.12603	1	1	5	8688	0.00302856
1.12703	1	1	5	8688	0.00302856
1.12803	1	1	5	8688	0.00302856
1.12903	1	1	5	8688	0.00302856
1.13003	1	1	5	8688	0.00302856
1.13103	1	1	5	8688	0.00302856
1.13203	1	1	5	8688	0.00302856
1.13303	1	1	5	8688	0.00302856
1.13403	1	1	5	8688	0.00302856
1.13503	1	1	5	8688	0.00302856
1.13603	1	1	5	8688	0.00302856
1.13703	1	1	5	8688	0.00302856
1.13803	1	1	5	8688	0.00302856
1.13903	1	1	5	8688	0.00302856
1.14003	1	1	5	8688	0.00302856
1.14103	1	1	5	8688	0.00302856
1.14203	1	1	5	8688	0.00302856
1.14303	1	1	5	8688	0.00302856
1.14403	1	1	5	8688	0.00302856
1.14503	1	1	5	8688	0.00302856
1.14603	1	1	5	8688	0.00302856
1.14703	1	1	5	8688	0.00302856
1.14803	1	1	5	8688	0.00302856
1.14903	1	1	5	8688	0.00302856
1.15003	1	1	5	8688	0.00302856
1.15103	1	1	5	8688	0.00302856
1.15203	1	1	5	8688	0.00302856
1.15303	1	1	5	8688	0.00302856
1.15403	1	1	5	8688	0.00302856
1.15503	1	1	5	8688	0.00302856
1.15603	1	1	5	8688	0.00302856
1.15703	1	1	5	8688	0.00302856
1.15803	1	1	5	8688	0.00302856
1.15903	1	1	5	8688	0.00302856
1.16003	1	1	5	8688	0.00302856
1.16103	1	1	5	8688	0.00302856
1.16203	1	1	5	8688	0.00302856
1.16303	1	1	5	8688	0.00302856
1.16403	1	1	5	8688	0.00302856
1.16503	1	1	5	8688	0.00302856
1.16603	1	1	5	8688	0.00302856
1.16703	1	1	5	8688	0.00302856
1.16803	1	1	5	8688	0.00302856
1.16903	1	1	5	8688	0.00302856
1.17003	1	1	5	8688	0.00302856
1.17096	1	1	5	7965	0.00295714
1.17203	1	1	5	8688	0.00302856
1.17303	1	1	5	8688	0.00302856
1.17403	1	1	5	8688	0.00302856
1.17503	1	1	5	8688	0.00302856
1.17603	1	1	5	8688	0.00302856
1.17703	1	1	5	8688	0.00302856
1.17803	1	1	5	8688	0.00302856
1.17903	1	1	5	8688	0.00302856
1.18003	1	1	5	8688	0.00302856
1.18103	1	1	5	8688	0.00302856
1.18203	1	1	5	8688	0.00302856
1.18303	1	1	5	8688	0.00302856
1.18403	1	1	5	8688	0.00302856
1.18503	1	1	5	8688	0.00302856
1.18603	1	1	5	8688	0.00302856
1.18703	1	1	5	8688	0.00302856
1.18803	1	1	5	8688	0.00302856
1.18903	1	1	5	8688	0.00302856
1.19003	1	1	5	8688	0.00302856
1.19103	1	1	5	8687	0.00302856
1.19203	1	1	5	8688	0.00302856
1.19303	1	1	5	8688	0.00302856
1.19403	1	1	5	8688	0.00302856
1.19503	1	1	5	8688	0.00302856
1.19603	1	1	5	8688	0.00302856
1.19703	1	1	5	8688	0.00302856
1.19803	1	1	5	8688	0.00302856
1.19903	1	1	5	8688	0.00302856
1.20003	1	1	5	8688	0.00302856
1.20103	1	1	5	8688	0.00302856
1.20203	1	1	5	8688	0.00302856
1.20303	1	1	5	8688	0.00302856
1.20403	1	1	5	8688	0.00302856
1.20503	1	1	5	8688	0.00302856
1.20603	1	1	5	8688	0.00302856
1.20703	1	1	5	8688	0.00302856
1.20803	1	1	5	8688	0.00302856
1.20903	1	1	5	8688	0.00302856
1.21003	1	1	5	8688	0.00302856
1.21103	1	1	5	8688	0.00302856
1.21203	1	1	5	8688	0.00302856
1.21303	1	1	5	8688	0.00302856
1.21403	1	1	5	8688	0.00302856
1.21503	1	1	5	8688	0.00302856
1.21603	1	1	5	8688	0.00302856
1.21703	1	1	5	8688	0.00302856
1.21803	1	1	5	8688	0.00302856
1.21903	1	1	5	8688	0.00302856
1.22003	1	1	5	8688	0.00302856
1.22103	1	1	5	8688	0.00302856
1.22203	1	1	5	8688	0.00302856
1.22303	1	1	5	8688	0.00302856
1.22403	1	1	5	8688	0.00302856
1.22503	1	1	5	8688	0.00302856
1.22603	1	1	5	8688	0.00302856
1.22703	1	1	5	8688	0.00302856
1.22803	1	1	5	8688	0.00302856
1.22903	1	1	5	8688	0.00302856
1.23003	1	1	5	8688	0.00302856
1.23103	1	1	5	8688	0.00302856
1.23203	1	1	5	8688	0.00302856
1.23303	1	1	5	8688	0.00302856
1.23403	1	1	5	8688	0.00302856
1.23503	1	1	5	8688	0.00302856
1.23603	1	1	5	8688	0.00302856
1.23703	1	1	5	8688	0.00302856
1.23803	1	1	5	8688	0.00302856
1.23903	1	1	5	8688	0.00302856
1.24003	1	1	5	8688	0.00302856
1.24103	1	1	5	8688	0.00302856
1.24203	1	1	5	8688	0.00302856
1.24303	1	1	5	8688	0.00302856
1.24403	1	1	5	8688	0.00302856
1.24503	1	1	5	8688	0.00302856
1.24603	1	1	5	8688	0.00302856
1.24703	1	1	5	8688	0.00302856
1.24803	1	1	5	8688	0.00302856
1.24903	1	1	5	8688	0.00302856
1.25003	1	1	5	8688	0.00302856
1.25096	1	1	5	7965	0.00295714
1.25203	1	1	5	8688	0.00302856
1.25303	1	1	5	8688	0.00302856
1.25403	1	1	5	8688	0.00302856
1.25503	1	1	5	8688	0.00302856
1.25603	1	1	5	8688	0.00302856
1.25703	1	1	5	8688	0.00302856
1.25803	1	1	5	8688	0.00302856
1.25903	1	1	5	8688	0.00302856
1.26003	1	1	5	8688	0.00302856
1.26103	1	1	5	8688	0.00302856
1.26203	1	1	5	8688	0.00302856
1.26303	1	1	5	8688	0.00302856
1.26403	1	1	5	8687	0.00302856
1.26503	1	1	5	8688	0.00302856
1.26603	1	1	5	8688	0.00302856
1.26703	1	1	5	8688	0.00302856
1.26803	1	1	5	8688	0.00302856
1.26903	1	1	5	8688	0.00302856
1.27003	1	1	5	8688	0.00302856
1.27103	1	1	5	8688	0.00302856
1.27203	1	1	5	8688	0.00302856
1.27303	1	1	5	8688	0.00302856
1.27403	1	1	5	8688	0.00302856
1.27503	1	1	5	8688	0.00302856
1.27603	1	1	5	8688	0.00302856
1.27703	1	1	5	8688	0.00302856
1.27803	1	1	5	8688	0.00302856
1.27903	1	1	5	8688	0.00302856
1.28003	1	1	5	8688	0.00302856
1.28103	1	1	5	8688	0.00302856
1.28203	1	1	5	8688	0.00302856
1.28303	1	1	5	8688	0.00302856
1.28403	1	1	5	8688	0.00302856
1.28503	1	1	5	8688	0.00302856
1.28603	1	1	5	8688	0.00302856
1.28703	1	1	5	8688	0.00302856
1.28803	1	1	5	8688	0.00302856
1.28903	1	1	5	8688	0.00302856
1.29003	1	1	5	8688	0.00302856
1.29103	1	1	5	8688	0.00302856
1.29203	1	1	5	8688	0.00302856
1.29303	1	1	5	8688	0.00302856
1.29403	1	1	5	8688	0.00302856
1.29503	1	1	5	8688	0.00302856
1.29603	1	1	5	8688	0.00302856
1.29703	1	1	5	8688	0.00302856
1.29803	1	1	5	8688	0.00302856
1.29903	1	1	5	8688	0.00302856
1.30003	1	1	5	8688	0.00302856
1.30103	1	1	5	8688	0.00302856
1.30203	1	1	5	8688	0.00302856
1.30303	1	1	5	8688	0.00302856
1.30403	1	1	5	8688	0.00302856
1.30503	1	1	5	8688	0.00302856
1.30603	1	1	5	8688	0.00302856
1.30703	1	1	5	8688	0.00302856
1.30803	1	1	5	8688	0.00302856
1.30903	1	1	5	8688	0.00302856
1.31003	1	1	5	8688	0.00302856
1.31103	1	1	5	8688	0.00302856
1.31203	1	1	5	8688	0.00302856
1.31303	1	1	5	8688	0.00302856
1.31403	1	1	5	8688	0.00302856
1.31503	1	1	5	8688	0.00302856
1.31603	1	1	5	8688	0.00302856
1.31703	1	1	5	8688	0.00302856
1.31803	1	1	5	8688	0.00302856
1.31903	1	1	5	8688	0.00302856
1.32003	1	1	5	8688	0.00302856
1.32103	1	1	5	8688	0.00302856
1.32203	1	1	5	8688	0.00302856
1.32303	1	1	5	8688	0.00302856
1.32403	1	1	5	8688	0.00302856
1.32503	1	1	5	8688	0.00302856
1.32603	1	1	5	8688	0.00302856
1.32703	1	1	5	8688	0.00302856
1.32803	1	1	5	8688	0.00302856
1.32903	1	1	5	8688	0.00302856
1.33003	1	1	5	8688	0.00302856
1.33096	1	1	5	7965	0.00295714
1.33203	1	1	5	8688	0.00302856
1.33303	1	1	5	8688	0.00302856
1.33403	1	1	5	8688	0.00302856
1.33503	1	1	5	8688	0.00302856
1.33603	1	1	5	8688	0.00302856
1.33703	1	1	5	8687	0.00302856
1.33803	1	1	5	8688	0.00302856
1.33903	1	1	5	8688	0.00302856
1.34003	1	1	5	8688	0.00302856
1.34103	1	1	5	8688	0.00302856
1.34203	1	1	5	8688	0.00302856
1.34303	1	1	5	8688	0.00302856
1.34403	1	1	5	8688	0.00302856
1.34503	1	1	5	8688	0.00302856
1.34603	1	1	5	8688	0.00302856
1.34703	1	1	5	8688	0.00302856
1.34803	1	1	5	8688	0.00302856
1.34903	1	1	5	8688	0.00302856
1.35003	1	1	5	8688	0.00302856
1.35103	1	1	5	8688	0.00302856
1.35203	1	1	5	8688	0.00302856
1.35303	1	1	5	8688	0.00302856
1.35403	1	1	5	8688	0.00302856
1.35503	1	1	5	8688	0.00302856
1.35603	1	1	5	8688	0.00302856
1.35703	1	1	5	8688	0.00302856
1.35803	1	1	5	8688	0.00302856
1.35903	1	1	5	8688	0.00302856
1.36003	1	1	5	8688	0.00302856
1.36103	1	1	5	8688	0.00302856
1.36203	1	1	5	8688	0.00302856
1.36303	1	1	5	8688	0.00302856
1.36403	1	1	5	8688	0.00302856
1.36503	1	1	5	8688	0.00302856
1.36603	1	1	5	8688	0.00302856
1.36703	1	1	5	8688	0.00302856
1.36803	1	1	5	8688	0.00302856
1.36903	1	1	5	8688	0.00302856
1.37003	1	1	5	8688	0.00302856
1.37103	1	1	5	8688	0.00302856
1.37203	1	1	5	8688	0.00302856
1.37303	1	1	5	8688	0.00302856
1.37403	1	1	5	8688	0.00302856
1.37503	1	1	5	8688	0.00302856
1.37603	1	1	5	8688	0.00302856
1.37703	1	1	5	8688	0.00302856
1.37803	1	1	5	8688	0.00302856
1.37903	1	1	5	8688	0.00302856
1.38003	1	1	5	8688	0.00302856
1.38103	1	1	5	8688	0.00302856
1.38203	1	1	5	8688	0.00302856
1.38303	1	1	5	8688	0.00302856
1.38403	1	1	5	8688	0.00302856
1.38503	1	1	5	8688	0.00302856
1.38603	1	1	5	8688	0.00302856
1.38703	1	1	5	8688	0.00302856
1.38803	1	1	5	8688	0.00302856
1.38903	1	1	5	8688	0.00302856
1.39003	1	1	5	8688	0.00302856
1.39103	1	1	5	8688	0.00302856
1.39203	1	1	5	8688	0.00302856
1.39303	1	1	5	8688	0.00302856
1.39403	1	1	5	8688	0.00302856
1.39503	1	1	5	8688	0.00302856
1.39603	1	1	5	8688	0.00302856
1.39703	1	1	5	8688	0.00302856
1.39803	1	1	5	8688	0.00302856
1.39903	1	1	5	8688	0.00302856
