time(s)	cellId	rnti	lcid	packetSize
0.401	1	1	5	198
0.402	1	1	5	198
0.403	1	1	5	198
0.404	1	1	5	198
0.405	1	1	5	198
0.406	1	1	5	198
0.407	1	1	5	8688
0.408	1	1	5	8688
0.409	1	1	5	8688
0.41	1	1	5	8688
0.411	1	1	5	8688
0.412	1	1	5	8688
0.413	1	1	5	8688
0.414	1	1	5	8688
0.415	1	1	5	8688
0.416	1	1	5	8688
0.417	1	1	5	8688
0.418	1	1	5	8688
0.419	1	1	5	8688
0.42	1	1	5	8688
0.421	1	1	5	8688
0.422	1	1	5	8688
0.423	1	1	5	8688
0.424	1	1	5	8688
0.425	1	1	5	8688
0.426	1	1	5	8688
0.427	1	1	5	8688
0.428	1	1	5	8688
0.429	1	1	5	8688
0.43	1	1	5	8688
0.431	1	1	5	8688
0.432	1	1	5	8688
0.433	1	1	5	8688
0.434	1	1	5	8688
0.435	1	1	5	8688
0.436	1	1	5	8688
0.437	1	1	5	8688
0.438	1	1	5	8688
0.439	1	1	5	8688
0.44	1	1	5	8688
0.441	1	1	5	8688
0.442	1	1	5	8688
0.443	1	1	5	8688
0.444	1	1	5	8688
0.445	1	1	5	8688
0.446	1	1	5	8688
0.447	1	1	5	8688
0.448	1	1	5	7965
0.449	1	1	5	8688
0.45	1	1	5	8688
0.451	1	1	5	8688
0.452	1	1	5	8688
0.453	1	1	5	8688
0.454	1	1	5	8688
0.455	1	1	5	8688
0.456	1	1	5	8688
0.457	1	1	5	8688
0.458	1	1	5	8688
0.459	1	1	5	8688
0.46	1	1	5	8688
0.461	1	1	5	8688
0.462	1	1	5	8688
0.463	1	1	5	8688
0.464	1	1	5	8688
0.465	1	1	5	8688
0.466	1	1	5	8688
0.467	1	1	5	8688
0.468	1	1	5	8688
0.469	1	1	5	8688
0.47	1	1	5	8688
0.471	1	1	5	8688
0.472	1	1	5	8688
0.473	1	1	5	8688
0.474	1	1	5	8688
0.475	1	1	5	8688
0.476	1	1	5	8688
0.477	1	1	5	8688
0.478	1	1	5	8688
0.479	1	1	5	8688
0.48	1	1	5	8688
0.481	1	1	5	8688
0.482	1	1	5	8688
0.483	1	1	5	8688
0.484	1	1	5	8688
0.485	1	1	5	8688
0.486	1	1	5	8688
0.487	1	1	5	8688
0.488	1	1	5	8688
0.489	1	1	5	8688
0.49	1	1	5	8688
0.491	1	1	5	8688
0.492	1	1	5	8688
0.493	1	1	5	8688
0.494	1	1	5	8688
0.495	1	1	5	8688
0.496	1	1	5	8688
0.497	1	1	5	8688
0.498	1	1	5	8688
0.499	1	1	5	8688
0.5	1	1	5	8688
0.501	1	1	5	8688
0.502	1	1	5	8688
0.503	1	1	5	8688
0.504	1	1	5	8688
0.505	1	1	5	8688
0.506	1	1	5	8688
0.507	1	1	5	8688
0.508	1	1	5	8688
0.509	1	1	5	8688
0.51	1	1	5	8688
0.511	1	1	5	8688
0.512	1	1	5	8688
0.513	1	1	5	8688
0.514	1	1	5	8688
0.515	1	1	5	8688
0.516	1	1	5	8688
0.517	1	1	5	8688
0.518	1	1	5	8688
0.519	1	1	5	8688
0.52	1	1	5	8688
0.521	1	1	5	8688
0.522	1	1	5	8688
0.523	1	1	5	8688
0.524	1	1	5	8688
0.525	1	1	5	8688
0.526	1	1	5	8688
0.527	1	1	5	8688
0.528	1	1	5	7965
0.529	1	1	5	8688
0.53	1	1	5	8688
0.531	1	1	5	8688
0.532	1	1	5	8688
0.533	1	1	5	8688
0.534	1	1	5	8688
0.535	1	1	5	8688
0.536	1	1	5	8688
0.537	1	1	5	8688
0.538	1	1	5	8688
0.539	1	1	5	8688
0.54	1	1	5	8688
0.541	1	1	5	8688
0.542	1	1	5	8688
0.543	1	1	5	8688
0.544	1	1	5	8688
0.545	1	1	5	8688
0.546	1	1	5	8688
0.547	1	1	5	8688
0.548	1	1	5	8688
0.549	1	1	5	8688
0.55	1	1	5	8688
0.551	1	1	5	8688
0.552	1	1	5	8688
0.553	1	1	5	8688
0.554	1	1	5	8688
0.555	1	1	5	8688
0.556	1	1	5	8688
0.557	1	1	5	8688
0.558	1	1	5	8688
0.559	1	1	5	8688
0.56	1	1	5	8688
0.561	1	1	5	8688
0.562	1	1	5	8688
0.563	1	1	5	8688
0.564	1	1	5	8688
0.565	1	1	5	8688
0.566	1	1	5	8688
0.567	1	1	5	8688
0.568	1	1	5	8688
0.569	1	1	5	8688
0.57	1	1	5	8688
0.571	1	1	5	8688
0.572	1	1	5	8688
0.573	1	1	5	8688
0.574	1	1	5	8688
0.575	1	1	5	8688
0.576	1	1	5	8688
0.577	1	1	5	8688
0.578	1	1	5	8688
0.579	1	1	5	8688
0.58	1	1	5	8688
0.581	1	1	5	8688
0.582	1	1	5	8688
0.583	1	1	5	8688
0.584	1	1	5	8688
0.585	1	1	5	8688
0.586	1	1	5	8688
0.587	1	1	5	8688
0.588	1	1	5	8688
0.589	1	1	5	8688
0.59	1	1	5	8688
0.591	1	1	5	8688
0.592	1	1	5	8688
0.593	1	1	5	8688
0.594	1	1	5	8688
0.595	1	1	5	8688
0.596	1	1	5	8688
0.597	1	1	5	8688
0.598	1	1	5	8688
0.599	1	1	5	8688
0.6	1	1	5	8688
0.601	1	1	5	8688
0.602	1	1	5	8688
0.603	1	1	5	8688
0.604	1	1	5	8688
0.605	1	1	5	8688
0.606	1	1	5	8688
0.607	1	1	5	8688
0.608	1	1	5	7965
0.609	1	1	5	8688
0.61	1	1	5	8688
0.611	1	1	5	8688
0.612	1	1	5	8688
0.613	1	1	5	8688
0.614	1	1	5	8688
0.615	1	1	5	8688
0.616	1	1	5	8688
0.617	1	1	5	8688
0.618	1	1	5	8688
0.619	1	1	5	8688
0.62	1	1	5	8688
0.621	1	1	5	8688
0.622	1	1	5	8688
0.623	1	1	5	8688
0.624	1	1	5	8688
0.625	1	1	5	8688
0.626	1	1	5	8688
0.627	1	1	5	8688
0.628	1	1	5	8688
0.629	1	1	5	8688
0.63	1	1	5	8688
0.631	1	1	5	8688
0.632	1	1	5	8688
0.633	1	1	5	8688
0.634	1	1	5	8688
0.635	1	1	5	8688
0.636	1	1	5	8688
0.637	1	1	5	8688
0.638	1	1	5	8688
0.639	1	1	5	8688
0.64	1	1	5	8688
0.641	1	1	5	8688
0.642	1	1	5	8688
0.643	1	1	5	8688
0.644	1	1	5	8688
0.645	1	1	5	8688
0.646	1	1	5	8688
0.647	1	1	5	8688
0.648	1	1	5	8688
0.649	1	1	5	8688
0.65	1	1	5	8688
0.651	1	1	5	8688
0.652	1	1	5	8688
0.653	1	1	5	8688
0.654	1	1	5	8688
0.655	1	1	5	8688
0.656	1	1	5	8688
0.657	1	1	5	8688
0.658	1	1	5	8688
0.659	1	1	5	8688
0.66	1	1	5	8688
0.661	1	1	5	8688
0.662	1	1	5	8688
0.663	1	1	5	8688
0.664	1	1	5	8688
0.665	1	1	5	8688
0.666	1	1	5	8688
0.667	1	1	5	8688
0.668	1	1	5	8688
0.669	1	1	5	8688
0.67	1	1	5	8688
0.671	1	1	5	8688
0.672	1	1	5	8688
0.673	1	1	5	8688
0.674	1	1	5	8688
0.675	1	1	5	8688
0.676	1	1	5	8688
0.677	1	1	5	8688
0.678	1	1	5	8688
0.679	1	1	5	8688
0.68	1	1	5	8688
0.681	1	1	5	8688
0.682	1	1	5	8688
0.683	1	1	5	8688
0.684	1	1	5	8688
0.685	1	1	5	8688
0.686	1	1	5	8688
0.687	1	1	5	8688
0.688	1	1	5	7965
0.689	1	1	5	8688
0.69	1	1	5	8688
0.691	1	1	5	8688
0.692	1	1	5	8688
0.693	1	1	5	8688
0.694	1	1	5	8688
0.695	1	1	5	8688
0.696	1	1	5	8688
0.697	1	1	5	8688
0.698	1	1	5	8688
0.699	1	1	5	8688
0.7	1	1	5	8688
0.701	1	1	5	8688
0.702	1	1	5	8688
0.703	1	1	5	8688
0.704	1	1	5	8688
0.705	1	1	5	8688
0.706	1	1	5	8688
0.707	1	1	5	8688
0.708	1	1	5	8688
0.709	1	1	5	8688
0.71	1	1	5	8688
0.711	1	1	5	8688
0.712	1	1	5	8688
0.713	1	1	5	8688
0.714	1	1	5	8688
0.715	1	1	5	8688
0.716	1	1	5	8688
0.717	1	1	5	8688
0.718	1	1	5	8688
0.719	1	1	5	8688
0.72	1	1	5	8688
0.721	1	1	5	8688
0.722	1	1	5	8688
0.723	1	1	5	8688
0.724	1	1	5	8688
0.725	1	1	5	8688
0.726	1	1	5	8688
0.727	1	1	5	8688
0.728	1	1	5	8688
0.729	1	1	5	8688
0.73	1	1	5	8688
0.731	1	1	5	8688
0.732	1	1	5	8688
0.733	1	1	5	8688
0.734	1	1	5	8688
0.735	1	1	5	8688
0.736	1	1	5	8688
0.737	1	1	5	8688
0.738	1	1	5	8688
0.739	1	1	5	8688
0.74	1	1	5	8688
0.741	1	1	5	8688
0.742	1	1	5	8688
0.743	1	1	5	8688
0.744	1	1	5	8688
0.745	1	1	5	8688
0.746	1	1	5	8688
0.747	1	1	5	8688
0.748	1	1	5	8688
0.749	1	1	5	8688
0.75	1	1	5	8688
0.751	1	1	5	8688
0.752	1	1	5	8688
0.753	1	1	5	8688
0.754	1	1	5	8688
0.755	1	1	5	8688
0.756	1	1	5	8688
0.757	1	1	5	8688
0.758	1	1	5	8688
0.759	1	1	5	8688
0.76	1	1	5	8688
0.761	1	1	5	8688
0.762	1	1	5	8688
0.763	1	1	5	8688
0.764	1	1	5	8688
0.765	1	1	5	8688
0.766	1	1	5	8688
0.767	1	1	5	8688
0.768	1	1	5	7965
0.769	1	1	5	8688
0.77	1	1	5	8688
0.771	1	1	5	8688
0.772	1	1	5	8688
0.773	1	1	5	8688
0.774	1	1	5	8688
0.775	1	1	5	8688
0.776	1	1	5	8688
0.777	1	1	5	8688
0.778	1	1	5	8688
0.779	1	1	5	8688
0.78	1	1	5	8688
0.781	1	1	5	8688
0.782	1	1	5	8688
0.783	1	1	5	8688
0.784	1	1	5	8688
0.785	1	1	5	8688
0.786	1	1	5	8688
0.787	1	1	5	8688
0.788	1	1	5	8688
0.789	1	1	5	8688
0.79	1	1	5	8688
0.791	1	1	5	8688
0.792	1	1	5	8688
0.793	1	1	5	8688
0.794	1	1	5	8688
0.795	1	1	5	8688
0.796	1	1	5	8688
0.797	1	1	5	8688
0.798	1	1	5	8688
0.799	1	1	5	8688
0.8	1	1	5	8688
0.801	1	1	5	8688
0.802	1	1	5	8688
0.803	1	1	5	8688
0.804	1	1	5	8688
0.805	1	1	5	8688
0.806	1	1	5	8688
0.807	1	1	5	8688
0.808	1	1	5	8688
0.809	1	1	5	8688
0.81	1	1	5	8688
0.811	1	1	5	8688
0.812	1	1	5	8688
0.813	1	1	5	8688
0.814	1	1	5	8688
0.815	1	1	5	8688
0.816	1	1	5	8688
0.817	1	1	5	8688
0.818	1	1	5	8688
0.819	1	1	5	8688
0.82	1	1	5	8688
0.821	1	1	5	8688
0.822	1	1	5	8688
0.823	1	1	5	8686
0.824	1	1	5	8688
0.825	1	1	5	8688
0.826	1	1	5	8688
0.827	1	1	5	8688
0.828	1	1	5	8688
0.829	1	1	5	8688
0.83	1	1	5	8688
0.831	1	1	5	8688
0.832	1	1	5	8688
0.833	1	1	5	8688
0.834	1	1	5	8688
0.835	1	1	5	8688
0.836	1	1	5	8688
0.837	1	1	5	8688
0.838	1	1	5	8688
0.839	1	1	5	8688
0.84	1	1	5	8688
0.841	1	1	5	8688
0.842	1	1	5	8688
0.843	1	1	5	8688
0.844	1	1	5	8688
0.845	1	1	5	8688
0.846	1	1	5	8688
0.847	1	1	5	8688
0.848	1	1	5	7965
0.849	1	1	5	8688
0.85	1	1	5	8688
0.851	1	1	5	8688
0.852	1	1	5	8688
0.853	1	1	5	8688
0.854	1	1	5	8688
0.855	1	1	5	8688
0.856	1	1	5	8688
0.857	1	1	5	8688
0.858	1	1	5	8688
0.859	1	1	5	8688
0.86	1	1	5	8688
0.861	1	1	5	8688
0.862	1	1	5	8688
0.863	1	1	5	8688
0.864	1	1	5	8688
0.865	1	1	5	8688
0.866	1	1	5	8688
0.867	1	1	5	8688
0.868	1	1	5	8688
0.869	1	1	5	8688
0.87	1	1	5	8688
0.871	1	1	5	8688
0.872	1	1	5	8688
0.873	1	1	5	8688
0.874	1	1	5	8688
0.875	1	1	5	8688
0.876	1	1	5	8688
0.877	1	1	5	8688
0.878	1	1	5	8688
0.879	1	1	5	8688
0.88	1	1	5	8688
0.881	1	1	5	8688
0.882	1	1	5	8688
0.883	1	1	5	8688
0.884	1	1	5	8688
0.885	1	1	5	8688
0.886	1	1	5	8688
0.887	1	1	5	8688
0.888	1	1	5	8688
0.889	1	1	5	8688
0.89	1	1	5	8688
0.891	1	1	5	8688
0.892	1	1	5	8688
0.893	1	1	5	8688
0.894	1	1	5	8688
0.895	1	1	5	8688
0.896	1	1	5	8688
0.897	1	1	5	8688
0.898	1	1	5	8688
0.899	1	1	5	8688
0.9	1	1	5	8688
0.901	1	1	5	8688
0.902	1	1	5	8688
0.903	1	1	5	8688
0.904	1	1	5	8688
0.905	1	1	5	8688
0.906	1	1	5	8688
0.907	1	1	5	8688
0.908	1	1	5	8688
0.909	1	1	5	8688
0.91	1	1	5	8688
0.911	1	1	5	8688
0.912	1	1	5	8688
0.913	1	1	5	8688
0.914	1	1	5	8688
0.915	1	1	5	8688
0.916	1	1	5	8688
0.917	1	1	5	8688
0.918	1	1	5	8688
0.919	1	1	5	8688
0.92	1	1	5	8688
0.921	1	1	5	8688
0.922	1	1	5	8688
0.923	1	1	5	8688
0.924	1	1	5	8688
0.925	1	1	5	8688
0.926	1	1	5	8688
0.927	1	1	5	8688
0.928	1	1	5	7965
0.929	1	1	5	8688
0.93	1	1	5	8688
0.931	1	1	5	8688
0.932	1	1	5	8688
0.933	1	1	5	8688
0.934	1	1	5	8688
0.935	1	1	5	8688
0.936	1	1	5	8688
0.937	1	1	5	8688
0.938	1	1	5	8688
0.939	1	1	5	8688
0.94	1	1	5	8688
0.941	1	1	5	8688
0.942	1	1	5	8688
0.943	1	1	5	8688
0.944	1	1	5	8688
0.945	1	1	5	8688
0.946	1	1	5	8688
0.947	1	1	5	8688
0.948	1	1	5	8688
0.949	1	1	5	8688
0.95	1	1	5	8688
0.951	1	1	5	8688
0.952	1	1	5	8688
0.953	1	1	5	8688
0.954	1	1	5	8688
0.955	1	1	5	8688
0.956	1	1	5	8688
0.957	1	1	5	8688
0.958	1	1	5	8688
0.959	1	1	5	8688
0.96	1	1	5	8688
0.961	1	1	5	8688
0.962	1	1	5	8688
0.963	1	1	5	8688
0.964	1	1	5	8688
0.965	1	1	5	8688
0.966	1	1	5	8688
0.967	1	1	5	8688
0.968	1	1	5	8688
0.969	1	1	5	8688
0.97	1	1	5	8688
0.971	1	1	5	8688
0.972	1	1	5	8688
0.973	1	1	5	8688
0.974	1	1	5	8688
0.975	1	1	5	8688
0.976	1	1	5	8688
0.977	1	1	5	8688
0.978	1	1	5	8688
0.979	1	1	5	8688
0.98	1	1	5	8688
0.981	1	1	5	8688
0.982	1	1	5	8688
0.983	1	1	5	8688
0.984	1	1	5	8688
0.985	1	1	5	8688
0.986	1	1	5	8688
0.987	1	1	5	8688
0.988	1	1	5	8688
0.989	1	1	5	8688
0.99	1	1	5	8688
0.991	1	1	5	8688
0.992	1	1	5	8688
0.993	1	1	5	8688
0.994	1	1	5	8688
0.995	1	1	5	8688
0.996	1	1	5	8688
0.997	1	1	5	8688
0.998	1	1	5	8688
0.999	1	1	5	8688
1	1	1	5	8688
1.001	1	1	5	8688
1.002	1	1	5	8688
1.003	1	1	5	8688
1.004	1	1	5	8688
1.005	1	1	5	8688
1.006	1	1	5	8688
1.007	1	1	5	8688
1.008	1	1	5	7965
1.009	1	1	5	8688
1.01	1	1	5	8688
1.011	1	1	5	8688
1.012	1	1	5	8688
1.013	1	1	5	8688
1.014	1	1	5	8688
1.015	1	1	5	8688
1.016	1	1	5	8688
1.017	1	1	5	8688
1.018	1	1	5	8688
1.019	1	1	5	8688
1.02	1	1	5	8688
1.021	1	1	5	8688
1.022	1	1	5	8688
1.023	1	1	5	8688
1.024	1	1	5	8688
1.025	1	1	5	8688
1.026	1	1	5	8688
1.027	1	1	5	8688
1.028	1	1	5	8688
1.029	1	1	5	8688
1.03	1	1	5	8688
1.031	1	1	5	8688
1.032	1	1	5	8688
1.033	1	1	5	8688
1.034	1	1	5	8688
1.035	1	1	5	8688
1.036	1	1	5	8688
1.037	1	1	5	8688
1.038	1	1	5	8688
1.039	1	1	5	8688
1.04	1	1	5	8688
1.041	1	1	5	8688
1.042	1	1	5	8687
1.043	1	1	5	8688
1.044	1	1	5	8688
1.045	1	1	5	8688
1.046	1	1	5	8688
1.047	1	1	5	8688
1.048	1	1	5	8688
1.049	1	1	5	8688
1.05	1	1	5	8688
1.051	1	1	5	8688
1.052	1	1	5	8688
1.053	1	1	5	8688
1.054	1	1	5	8688
1.055	1	1	5	8688
1.056	1	1	5	8688
1.057	1	1	5	8688
1.058	1	1	5	8688
1.059	1	1	5	8688
1.06	1	1	5	8688
1.061	1	1	5	8688
1.062	1	1	5	8688
1.063	1	1	5	8688
1.064	1	1	5	8688
1.065	1	1	5	8688
1.066	1	1	5	8688
1.067	1	1	5	8688
1.068	1	1	5	8688
1.069	1	1	5	8688
1.07	1	1	5	8688
1.071	1	1	5	8688
1.072	1	1	5	8688
1.073	1	1	5	8688
1.074	1	1	5	8688
1.075	1	1	5	8688
1.076	1	1	5	8688
1.077	1	1	5	8688
1.078	1	1	5	8688
1.079	1	1	5	8688
1.08	1	1	5	8688
1.081	1	1	5	8688
1.082	1	1	5	8688
1.083	1	1	5	8688
1.084	1	1	5	8688
1.085	1	1	5	8688
1.086	1	1	5	8688
1.087	1	1	5	8688
1.088	1	1	5	7965
1.089	1	1	5	8688
1.09	1	1	5	8688
1.091	1	1	5	8688
1.092	1	1	5	8688
1.093	1	1	5	8688
1.094	1	1	5	8688
1.095	1	1	5	8688
1.096	1	1	5	8688
1.097	1	1	5	8688
1.098	1	1	5	8688
1.099	1	1	5	8688
1.1	1	1	5	8688
1.101	1	1	5	8688
1.102	1	1	5	8688
1.103	1	1	5	8688
1.104	1	1	5	8688
1.105	1	1	5	8688
1.106	1	1	5	8688
1.107	1	1	5	8688
1.108	1	1	5	8688
1.109	1	1	5	8688
1.11	1	1	5	8688
1.111	1	1	5	8688
1.112	1	1	5	8688
1.113	1	1	5	8688
1.114	1	1	5	8688
1.115	1	1	5	8687
1.116	1	1	5	8688
1.117	1	1	5	8688
1.118	1	1	5	8688
1.119	1	1	5	8688
1.12	1	1	5	8688
1.121	1	1	5	8688
1.122	1	1	5	8688
1.123	1	1	5	8688
1.124	1	1	5	8688
1.125	1	1	5	8688
1.126	1	1	5	8688
1.127	1	1	5	8688
1.128	1	1	5	8688
1.129	1	1	5	8688
1.13	1	1	5	8688
1.131	1	1	5	8688
1.132	1	1	5	8688
1.133	1	1	5	8688
1.134	1	1	5	8688
1.135	1	1	5	8688
1.136	1	1	5	8688
1.137	1	1	5	8688
1.138	1	1	5	8688
1.139	1	1	5	8688
1.14	1	1	5	8688
1.141	1	1	5	8688
1.142	1	1	5	8688
1.143	1	1	5	8688
1.144	1	1	5	8688
1.145	1	1	5	8688
1.146	1	1	5	8688
1.147	1	1	5	8688
1.148	1	1	5	8688
1.149	1	1	5	8688
1.15	1	1	5	8688
1.151	1	1	5	8688
1.152	1	1	5	8688
1.153	1	1	5	8688
1.154	1	1	5	8688
1.155	1	1	5	8688
1.156	1	1	5	8688
1.157	1	1	5	8688
1.158	1	1	5	8688
1.159	1	1	5	8688
1.16	1	1	5	8688
1.161	1	1	5	8688
1.162	1	1	5	8688
1.163	1	1	5	8688
1.164	1	1	5	8688
1.165	1	1	5	8688
1.166	1	1	5	8688
1.167	1	1	5	8688
1.168	1	1	5	7965
1.169	1	1	5	8688
1.17	1	1	5	8688
1.171	1	1	5	8688
1.172	1	1	5	8688
1.173	1	1	5	8688
1.174	1	1	5	8688
1.175	1	1	5	8688
1.176	1	1	5	8688
1.177	1	1	5	8688
1.178	1	1	5	8688
1.179	1	1	5	8688
1.18	1	1	5	8688
1.181	1	1	5	8688
1.182	1	1	5	8688
1.183	1	1	5	8688
1.184	1	1	5	8688
1.185	1	1	5	8688
1.186	1	1	5	8688
1.187	1	1	5	8688
1.188	1	1	5	8687
1.189	1	1	5	8688
1.19	1	1	5	8688
1.191	1	1	5	8688
1.192	1	1	5	8688
1.193	1	1	5	8688
1.194	1	1	5	8688
1.195	1	1	5	8688
1.196	1	1	5	8688
1.197	1	1	5	8688
1.198	1	1	5	8688
1.199	1	1	5	8688
1.2	1	1	5	8688
1.201	1	1	5	8688
1.202	1	1	5	8688
1.203	1	1	5	8688
1.204	1	1	5	8688
1.205	1	1	5	8688
1.206	1	1	5	8688
1.207	1	1	5	8688
1.208	1	1	5	8688
1.209	1	1	5	8688
1.21	1	1	5	8688
1.211	1	1	5	8688
1.212	1	1	5	8688
1.213	1	1	5	8688
1.214	1	1	5	8688
1.215	1	1	5	8688
1.216	1	1	5	8688
1.217	1	1	5	8688
1.218	1	1	5	8688
1.219	1	1	5	8688
1.22	1	1	5	8688
1.221	1	1	5	8688
1.222	1	1	5	8688
1.223	1	1	5	8688
1.224	1	1	5	8688
1.225	1	1	5	8688
1.226	1	1	5	8688
1.227	1	1	5	8688
1.228	1	1	5	8688
1.229	1	1	5	8688
1.23	1	1	5	8688
1.231	1	1	5	8688
1.232	1	1	5	8688
1.233	1	1	5	8688
1.234	1	1	5	8688
1.235	1	1	5	8688
1.236	1	1	5	8688
1.237	1	1	5	8688
1.238	1	1	5	8688
1.239	1	1	5	8688
1.24	1	1	5	8688
1.241	1	1	5	8688
1.242	1	1	5	8688
1.243	1	1	5	8688
1.244	1	1	5	8688
1.245	1	1	5	8688
1.246	1	1	5	8688
1.247	1	1	5	8688
1.248	1	1	5	7965
1.249	1	1	5	8688
1.25	1	1	5	8688
1.251	1	1	5	8688
1.252	1	1	5	8688
1.253	1	1	5	8688
1.254	1	1	5	8688
1.255	1	1	5	8688
1.256	1	1	5	8688
1.257	1	1	5	8688
1.258	1	1	5	8688
1.259	1	1	5	8688
1.26	1	1	5	8688
1.261	1	1	5	8687
1.262	1	1	5	8688
1.263	1	1	5	8688
1.264	1	1	5	8688
1.265	1	1	5	8688
1.266	1	1	5	8688
1.267	1	1	5	8688
1.268	1	1	5	8688
1.269	1	1	5	8688
1.27	1	1	5	8688
1.271	1	1	5	8688
1.272	1	1	5	8688
1.273	1	1	5	8688
1.274	1	1	5	8688
1.275	1	1	5	8688
1.276	1	1	5	8688
1.277	1	1	5	8688
1.278	1	1	5	8688
1.279	1	1	5	8688
1.28	1	1	5	8688
1.281	1	1	5	8688
1.282	1	1	5	8688
1.283	1	1	5	8688
1.284	1	1	5	8688
1.285	1	1	5	8688
1.286	1	1	5	8688
1.287	1	1	5	8688
1.288	1	1	5	8688
1.289	1	1	5	8688
1.29	1	1	5	8688
1.291	1	1	5	8688
1.292	1	1	5	8688
1.293	1	1	5	8688
1.294	1	1	5	8688
1.295	1	1	5	8688
1.296	1	1	5	8688
1.297	1	1	5	8688
1.298	1	1	5	8688
1.299	1	1	5	8688
1.3	1	1	5	8688
1.301	1	1	5	8688
1.302	1	1	5	8688
1.303	1	1	5	8688
1.304	1	1	5	8688
1.305	1	1	5	8688
1.306	1	1	5	8688
1.307	1	1	5	8688
1.308	1	1	5	8688
1.309	1	1	5	8688
1.31	1	1	5	8688
1.311	1	1	5	8688
1.312	1	1	5	8688
1.313	1	1	5	8688
1.314	1	1	5	8688
1.315	1	1	5	8688
1.316	1	1	5	8688
1.317	1	1	5	8688
1.318	1	1	5	8688
1.319	1	1	5	8688
1.32	1	1	5	8688
1.321	1	1	5	8688
1.322	1	1	5	8688
1.323	1	1	5	8688
1.324	1	1	5	8688
1.325	1	1	5	8688
1.326	1	1	5	8688
1.327	1	1	5	8688
1.328	1	1	5	7965
1.329	1	1	5	8688
1.33	1	1	5	8688
1.331	1	1	5	8688
1.332	1	1	5	8688
1.333	1	1	5	8688
1.334	1	1	5	8687
1.335	1	1	5	8688
1.336	1	1	5	8688
1.337	1	1	5	8688
1.338	1	1	5	8688
1.339	1	1	5	8688
1.34	1	1	5	8688
1.341	1	1	5	8688
1.342	1	1	5	8688
1.343	1	1	5	8688
1.344	1	1	5	8688
1.345	1	1	5	8688
1.346	1	1	5	8688
1.347	1	1	5	8688
1.348	1	1	5	8688
1.349	1	1	5	8688
1.35	1	1	5	8688
1.351	1	1	5	8688
1.352	1	1	5	8688
1.353	1	1	5	8688
1.354	1	1	5	8688
1.355	1	1	5	8688
1.356	1	1	5	8688
1.357	1	1	5	8688
1.358	1	1	5	8688
1.359	1	1	5	8688
1.36	1	1	5	8688
1.361	1	1	5	8688
1.362	1	1	5	8688
1.363	1	1	5	8688
1.364	1	1	5	8688
1.365	1	1	5	8688
1.366	1	1	5	8688
1.367	1	1	5	8688
1.368	1	1	5	8688
1.369	1	1	5	8688
1.37	1	1	5	8688
1.371	1	1	5	8688
1.372	1	1	5	8688
1.373	1	1	5	8688
1.374	1	1	5	8688
1.375	1	1	5	8688
1.376	1	1	5	8688
1.377	1	1	5	8688
1.378	1	1	5	8688
1.379	1	1	5	8688
1.38	1	1	5	8688
1.381	1	1	5	8688
1.382	1	1	5	8688
1.383	1	1	5	8688
1.384	1	1	5	8688
1.385	1	1	5	8688
1.386	1	1	5	8688
1.387	1	1	5	8688
1.388	1	1	5	8688
1.389	1	1	5	8688
1.39	1	1	5	8688
1.391	1	1	5	8688
1.392	1	1	5	8688
1.393	1	1	5	8688
1.394	1	1	5	8688
1.395	1	1	5	8688
1.396	1	1	5	8688
1.397	1	1	5	8688
1.398	1	1	5	8688
1.399	1	1	5	8688
