% time(s)	cellId	bwpId	IMSI	RNTI	frame	sframe	slot	symStart	numSym	harqId	ndi	rv	mcs	tbSize
0.401	1	0	0	1	40	3	0	1	12	15	1	0	0	201
0.402	1	0	0	1	40	4	0	1	12	14	1	0	0	201
0.403	1	0	0	1	40	5	0	1	12	13	1	0	0	201
0.404	1	0	0	1	40	6	0	1	12	12	1	0	0	201
0.405	1	0	0	1	40	7	0	1	12	11	1	0	0	201
0.406	1	0	0	1	40	8	0	1	12	15	1	0	0	201
0.407	1	0	0	1	40	9	0	1	12	14	1	0	13	8691
0.408	1	0	0	1	41	0	0	1	12	13	1	0	13	8691
0.409	1	0	0	1	41	1	0	1	12	12	1	0	13	8691
0.41	1	0	0	1	41	2	0	1	12	11	1	0	13	8691
0.411	1	0	0	1	41	3	0	1	12	15	1	0	13	8691
0.412	1	0	0	1	41	4	0	1	12	14	1	0	13	8691
0.413	1	0	0	1	41	5	0	1	12	13	1	0	13	8691
0.414	1	0	0	1	41	6	0	1	12	12	1	0	13	8691
0.415	1	0	0	1	41	7	0	1	12	11	1	0	13	8691
0.416	1	0	0	1	41	8	0	1	12	15	1	0	13	8691
0.417	1	0	0	1	41	9	0	1	12	14	1	0	13	8691
0.418	1	0	0	1	42	0	0	1	12	13	1	0	13	8691
0.419	1	0	0	1	42	1	0	1	12	12	1	0	13	8691
0.42	1	0	0	1	42	2	0	1	12	11	1	0	13	8691
0.421	1	0	0	1	42	3	0	1	12	15	1	0	13	8691
0.422	1	0	0	1	42	4	0	1	12	14	1	0	13	8691
0.423	1	0	0	1	42	5	0	1	12	13	1	0	13	8691
0.424	1	0	0	1	42	6	0	1	12	12	1	0	13	8691
0.425	1	0	0	1	42	7	0	1	12	11	1	0	13	8691
0.426	1	0	0	1	42	8	0	1	12	15	1	0	13	8691
0.427	1	0	0	1	42	9	0	1	12	14	1	0	13	8691
0.428	1	0	0	1	43	0	0	1	12	13	1	0	13	8691
0.429	1	0	0	1	43	1	0	1	12	12	1	0	13	8691
0.43	1	0	0	1	43	2	0	1	12	11	1	0	13	8691
0.431	1	0	0	1	43	3	0	1	12	15	1	0	13	8691
0.432	1	0	0	1	43	4	0	1	12	14	1	0	13	8691
0.433	1	0	0	1	43	5	0	1	12	13	1	0	13	8691
0.434	1	0	0	1	43	6	0	1	12	12	1	0	13	8691
0.435	1	0	0	1	43	7	0	1	12	11	1	0	13	8691
0.436	1	0	0	1	43	8	0	1	12	15	1	0	13	8691
0.437	1	0	0	1	43	9	0	1	12	14	1	0	13	8691
0.438	1	0	0	1	44	0	0	1	12	13	1	0	13	8691
0.439	1	0	0	1	44	1	0	1	12	12	1	0	13	8691
0.44	1	0	0	1	44	2	0	1	12	11	1	0	13	8691
0.441	1	0	0	1	44	3	0	1	12	15	1	0	13	8691
0.442	1	0	0	1	44	4	0	1	12	14	1	0	13	8691
0.443	1	0	0	1	44	5	0	1	12	13	1	0	13	8691
0.444	1	0	0	1	44	6	0	1	12	12	1	0	13	8691
0.445	1	0	0	1	44	7	0	1	12	11	1	0	13	8691
0.446	1	0	0	1	44	8	0	1	12	15	1	0	13	8691
0.447	1	0	0	1	44	9	0	1	12	14	1	0	13	8691
0.448	1	0	0	1	45	0	0	1	11	13	1	0	13	7968
0.449	1	0	0	1	45	1	0	1	12	12	1	0	13	8691
0.45	1	0	0	1	45	2	0	1	12	11	1	0	13	8691
0.451	1	0	0	1	45	3	0	1	12	15	1	0	13	8691
0.452	1	0	0	1	45	4	0	1	12	14	1	0	13	8691
0.453	1	0	0	1	45	5	0	1	12	13	1	0	13	8691
0.454	1	0	0	1	45	6	0	1	12	12	1	0	13	8691
0.455	1	0	0	1	45	7	0	1	12	11	1	0	13	8691
0.456	1	0	0	1	45	8	0	1	12	15	1	0	13	8691
0.457	1	0	0	1	45	9	0	1	12	14	1	0	13	8691
0.458	1	0	0	1	46	0	0	1	12	13	1	0	13	8691
0.459	1	0	0	1	46	1	0	1	12	12	1	0	13	8691
0.46	1	0	0	1	46	2	0	1	12	11	1	0	13	8691
0.461	1	0	0	1	46	3	0	1	12	15	1	0	13	8691
0.462	1	0	0	1	46	4	0	1	12	14	1	0	13	8691
0.463	1	0	0	1	46	5	0	1	12	13	1	0	13	8691
0.464	1	0	0	1	46	6	0	1	12	12	1	0	13	8691
0.465	1	0	0	1	46	7	0	1	12	11	1	0	13	8691
0.466	1	0	0	1	46	8	0	1	12	15	1	0	13	8691
0.467	1	0	0	1	46	9	0	1	12	14	1	0	13	8691
0.468	1	0	0	1	47	0	0	1	12	13	1	0	13	8691
0.469	1	0	0	1	47	1	0	1	12	12	1	0	13	8691
0.47	1	0	0	1	47	2	0	1	12	11	1	0	13	8691
0.471	1	0	0	1	47	3	0	1	12	15	1	0	13	8691
0.472	1	0	0	1	47	4	0	1	12	14	1	0	13	8691
0.473	1	0	0	1	47	5	0	1	12	13	1	0	13	8691
0.474	1	0	0	1	47	6	0	1	12	12	1	0	13	8691
0.475	1	0	0	1	47	7	0	1	12	11	1	0	13	8691
0.476	1	0	0	1	47	8	0	1	12	15	1	0	13	8691
0.477	1	0	0	1	47	9	0	1	12	14	1	0	13	8691
0.478	1	0	0	1	48	0	0	1	12	13	1	0	13	8691
0.479	1	0	0	1	48	1	0	1	12	12	1	0	13	8691
0.48	1	0	0	1	48	2	0	1	12	11	1	0	13	8691
0.481	1	0	0	1	48	3	0	1	12	15	1	0	13	8691
0.482	1	0	0	1	48	4	0	1	12	14	1	0	13	8691
0.483	1	0	0	1	48	5	0	1	12	13	1	0	13	8691
0.484	1	0	0	1	48	6	0	1	12	12	1	0	13	8691
0.485	1	0	0	1	48	7	0	1	12	11	1	0	13	8691
0.486	1	0	0	1	48	8	0	1	12	15	1	0	13	8691
0.487	1	0	0	1	48	9	0	1	12	14	1	0	13	8691
0.488	1	0	0	1	49	0	0	1	12	13	1	0	13	8691
0.489	1	0	0	1	49	1	0	1	12	12	1	0	13	8691
0.49	1	0	0	1	49	2	0	1	12	11	1	0	13	8691
0.491	1	0	0	1	49	3	0	1	12	15	1	0	13	8691
0.492	1	0	0	1	49	4	0	1	12	14	1	0	13	8691
0.493	1	0	0	1	49	5	0	1	12	13	1	0	13	8691
0.494	1	0	0	1	49	6	0	1	12	12	1	0	13	8691
0.495	1	0	0	1	49	7	0	1	12	11	1	0	13	8691
0.496	1	0	0	1	49	8	0	1	12	15	1	0	13	8691
0.497	1	0	0	1	49	9	0	1	12	14	1	0	13	8691
0.498	1	0	0	1	50	0	0	1	12	13	1	0	13	8691
0.499	1	0	0	1	50	1	0	1	12	12	1	0	13	8691
0.5	1	0	0	1	50	2	0	1	12	11	1	0	13	8691
0.501	1	0	0	1	50	3	0	1	12	15	1	0	13	8691
0.502	1	0	0	1	50	4	0	1	12	14	1	0	13	8691
0.503	1	0	0	1	50	5	0	1	12	13	1	0	13	8691
0.504	1	0	0	1	50	6	0	1	12	12	1	0	13	8691
0.505	1	0	0	1	50	7	0	1	12	11	1	0	13	8691
0.506	1	0	0	1	50	8	0	1	12	15	1	0	13	8691
0.507	1	0	0	1	50	9	0	1	12	14	1	0	13	8691
0.508	1	0	0	1	51	0	0	1	12	13	1	0	13	8691
0.509	1	0	0	1	51	1	0	1	12	12	1	0	13	8691
0.51	1	0	0	1	51	2	0	1	12	11	1	0	13	8691
0.511	1	0	0	1	51	3	0	1	12	15	1	0	13	8691
0.512	1	0	0	1	51	4	0	1	12	14	1	0	13	8691
0.513	1	0	0	1	51	5	0	1	12	13	1	0	13	8691
0.514	1	0	0	1	51	6	0	1	12	12	1	0	13	8691
0.515	1	0	0	1	51	7	0	1	12	11	1	0	13	8691
0.516	1	0	0	1	51	8	0	1	12	15	1	0	13	8691
0.517	1	0	0	1	51	9	0	1	12	14	1	0	13	8691
0.518	1	0	0	1	52	0	0	1	12	13	1	0	13	8691
0.519	1	0	0	1	52	1	0	1	12	12	1	0	13	8691
0.52	1	0	0	1	52	2	0	1	12	11	1	0	13	8691
0.521	1	0	0	1	52	3	0	1	12	15	1	0	13	8691
0.522	1	0	0	1	52	4	0	1	12	14	1	0	13	8691
0.523	1	0	0	1	52	5	0	1	12	13	1	0	13	8691
0.524	1	0	0	1	52	6	0	1	12	12	1	0	13	8691
0.525	1	0	0	1	52	7	0	1	12	11	1	0	13	8691
0.526	1	0	0	1	52	8	0	1	12	15	1	0	13	8691
0.527	1	0	0	1	52	9	0	1	12	14	1	0	13	8691
0.528	1	0	0	1	53	0	0	1	11	13	1	0	13	7968
0.529	1	0	0	1	53	1	0	1	12	12	1	0	13	8691
0.53	1	0	0	1	53	2	0	1	12	11	1	0	13	8691
0.531	1	0	0	1	53	3	0	1	12	15	1	0	13	8691
0.532	1	0	0	1	53	4	0	1	12	14	1	0	13	8691
0.533	1	0	0	1	53	5	0	1	12	13	1	0	13	8691
0.534	1	0	0	1	53	6	0	1	12	12	1	0	13	8691
0.535	1	0	0	1	53	7	0	1	12	11	1	0	13	8691
0.536	1	0	0	1	53	8	0	1	12	15	1	0	13	8691
0.537	1	0	0	1	53	9	0	1	12	14	1	0	13	8691
0.538	1	0	0	1	54	0	0	1	12	13	1	0	13	8691
0.539	1	0	0	1	54	1	0	1	12	12	1	0	13	8691
0.54	1	0	0	1	54	2	0	1	12	11	1	0	13	8691
0.541	1	0	0	1	54	3	0	1	12	15	1	0	13	8691
0.542	1	0	0	1	54	4	0	1	12	14	1	0	13	8691
0.543	1	0	0	1	54	5	0	1	12	13	1	0	13	8691
0.544	1	0	0	1	54	6	0	1	12	12	1	0	13	8691
0.545	1	0	0	1	54	7	0	1	12	11	1	0	13	8691
0.546	1	0	0	1	54	8	0	1	12	15	1	0	13	8691
0.547	1	0	0	1	54	9	0	1	12	14	1	0	13	8691
0.548	1	0	0	1	55	0	0	1	12	13	1	0	13	8691
0.549	1	0	0	1	55	1	0	1	12	12	1	0	13	8691
0.55	1	0	0	1	55	2	0	1	12	11	1	0	13	8691
0.551	1	0	0	1	55	3	0	1	12	15	1	0	13	8691
0.552	1	0	0	1	55	4	0	1	12	14	1	0	13	8691
0.553	1	0	0	1	55	5	0	1	12	13	1	0	13	8691
0.554	1	0	0	1	55	6	0	1	12	12	1	0	13	8691
0.555	1	0	0	1	55	7	0	1	12	11	1	0	13	8691
0.556	1	0	0	1	55	8	0	1	12	15	1	0	13	8691
0.557	1	0	0	1	55	9	0	1	12	14	1	0	13	8691
0.558	1	0	0	1	56	0	0	1	12	13	1	0	13	8691
0.559	1	0	0	1	56	1	0	1	12	12	1	0	13	8691
0.56	1	0	0	1	56	2	0	1	12	11	1	0	13	8691
0.561	1	0	0	1	56	3	0	1	12	15	1	0	13	8691
0.562	1	0	0	1	56	4	0	1	12	14	1	0	13	8691
0.563	1	0	0	1	56	5	0	1	12	13	1	0	13	8691
0.564	1	0	0	1	56	6	0	1	12	12	1	0	13	8691
0.565	1	0	0	1	56	7	0	1	12	11	1	0	13	8691
0.566	1	0	0	1	56	8	0	1	12	15	1	0	13	8691
0.567	1	0	0	1	56	9	0	1	12	14	1	0	13	8691
0.568	1	0	0	1	57	0	0	1	12	13	1	0	13	8691
0.569	1	0	0	1	57	1	0	1	12	12	1	0	13	8691
0.57	1	0	0	1	57	2	0	1	12	11	1	0	13	8691
0.571	1	0	0	1	57	3	0	1	12	15	1	0	13	8691
0.572	1	0	0	1	57	4	0	1	12	14	1	0	13	8691
0.573	1	0	0	1	57	5	0	1	12	13	1	0	13	8691
0.574	1	0	0	1	57	6	0	1	12	12	1	0	13	8691
0.575	1	0	0	1	57	7	0	1	12	11	1	0	13	8691
0.576	1	0	0	1	57	8	0	1	12	15	1	0	13	8691
0.577	1	0	0	1	57	9	0	1	12	14	1	0	13	8691
0.578	1	0	0	1	58	0	0	1	12	13	1	0	13	8691
0.579	1	0	0	1	58	1	0	1	12	12	1	0	13	8691
0.58	1	0	0	1	58	2	0	1	12	11	1	0	13	8691
0.581	1	0	0	1	58	3	0	1	12	15	1	0	13	8691
0.582	1	0	0	1	58	4	0	1	12	14	1	0	13	8691
0.583	1	0	0	1	58	5	0	1	12	13	1	0	13	8691
0.584	1	0	0	1	58	6	0	1	12	12	1	0	13	8691
0.585	1	0	0	1	58	7	0	1	12	11	1	0	13	8691
0.586	1	0	0	1	58	8	0	1	12	15	1	0	13	8691
0.587	1	0	0	1	58	9	0	1	12	14	1	0	13	8691
0.588	1	0	0	1	59	0	0	1	12	13	1	0	13	8691
0.589	1	0	0	1	59	1	0	1	12	12	1	0	13	8691
0.59	1	0	0	1	59	2	0	1	12	11	1	0	13	8691
0.591	1	0	0	1	59	3	0	1	12	15	1	0	13	8691
0.592	1	0	0	1	59	4	0	1	12	14	1	0	13	8691
0.593	1	0	0	1	59	5	0	1	12	13	1	0	13	8691
0.594	1	0	0	1	59	6	0	1	12	12	1	0	13	8691
0.595	1	0	0	1	59	7	0	1	12	11	1	0	13	8691
0.596	1	0	0	1	59	8	0	1	12	15	1	0	13	8691
0.597	1	0	0	1	59	9	0	1	12	14	1	0	13	8691
0.598	1	0	0	1	60	0	0	1	12	13	1	0	13	8691
0.599	1	0	0	1	60	1	0	1	12	12	1	0	13	8691
0.6	1	0	0	1	60	2	0	1	12	11	1	0	13	8691
0.601	1	0	0	1	60	3	0	1	12	15	1	0	13	8691
0.602	1	0	0	1	60	4	0	1	12	14	1	0	13	8691
0.603	1	0	0	1	60	5	0	1	12	13	1	0	13	8691
0.604	1	0	0	1	60	6	0	1	12	12	1	0	13	8691
0.605	1	0	0	1	60	7	0	1	12	11	1	0	13	8691
0.606	1	0	0	1	60	8	0	1	12	15	1	0	13	8691
0.607	1	0	0	1	60	9	0	1	12	14	1	0	13	8691
0.608	1	0	0	1	61	0	0	1	11	13	1	0	13	7968
0.609	1	0	0	1	61	1	0	1	12	12	1	0	13	8691
0.61	1	0	0	1	61	2	0	1	12	11	1	0	13	8691
0.611	1	0	0	1	61	3	0	1	12	15	1	0	13	8691
0.612	1	0	0	1	61	4	0	1	12	14	1	0	13	8691
0.613	1	0	0	1	61	5	0	1	12	13	1	0	13	8691
0.614	1	0	0	1	61	6	0	1	12	12	1	0	13	8691
0.615	1	0	0	1	61	7	0	1	12	11	1	0	13	8691
0.616	1	0	0	1	61	8	0	1	12	15	1	0	13	8691
0.617	1	0	0	1	61	9	0	1	12	14	1	0	13	8691
0.618	1	0	0	1	62	0	0	1	12	13	1	0	13	8691
0.619	1	0	0	1	62	1	0	1	12	12	1	0	13	8691
0.62	1	0	0	1	62	2	0	1	12	11	1	0	13	8691
0.621	1	0	0	1	62	3	0	1	12	15	1	0	13	8691
0.622	1	0	0	1	62	4	0	1	12	14	1	0	13	8691
0.623	1	0	0	1	62	5	0	1	12	13	1	0	13	8691
0.624	1	0	0	1	62	6	0	1	12	12	1	0	13	8691
0.625	1	0	0	1	62	7	0	1	12	11	1	0	13	8691
0.626	1	0	0	1	62	8	0	1	12	15	1	0	13	8691
0.627	1	0	0	1	62	9	0	1	12	14	1	0	13	8691
0.628	1	0	0	1	63	0	0	1	12	13	1	0	13	8691
0.629	1	0	0	1	63	1	0	1	12	12	1	0	13	8691
0.63	1	0	0	1	63	2	0	1	12	11	1	0	13	8691
0.631	1	0	0	1	63	3	0	1	12	15	1	0	13	8691
0.632	1	0	0	1	63	4	0	1	12	14	1	0	13	8691
0.633	1	0	0	1	63	5	0	1	12	13	1	0	13	8691
0.634	1	0	0	1	63	6	0	1	12	12	1	0	13	8691
0.635	1	0	0	1	63	7	0	1	12	11	1	0	13	8691
0.636	1	0	0	1	63	8	0	1	12	15	1	0	13	8691
0.637	1	0	0	1	63	9	0	1	12	14	1	0	13	8691
0.638	1	0	0	1	64	0	0	1	12	13	1	0	13	8691
0.639	1	0	0	1	64	1	0	1	12	12	1	0	13	8691
0.64	1	0	0	1	64	2	0	1	12	11	1	0	13	8691
0.641	1	0	0	1	64	3	0	1	12	15	1	0	13	8691
0.642	1	0	0	1	64	4	0	1	12	14	1	0	13	8691
0.643	1	0	0	1	64	5	0	1	12	13	1	0	13	8691
0.644	1	0	0	1	64	6	0	1	12	12	1	0	13	8691
0.645	1	0	0	1	64	7	0	1	12	11	1	0	13	8691
0.646	1	0	0	1	64	8	0	1	12	15	1	0	13	8691
0.647	1	0	0	1	64	9	0	1	12	14	1	0	13	8691
0.648	1	0	0	1	65	0	0	1	12	13	1	0	13	8691
0.649	1	0	0	1	65	1	0	1	12	12	1	0	13	8691
0.65	1	0	0	1	65	2	0	1	12	11	1	0	13	8691
0.651	1	0	0	1	65	3	0	1	12	15	1	0	13	8691
0.652	1	0	0	1	65	4	0	1	12	14	1	0	13	8691
0.653	1	0	0	1	65	5	0	1	12	13	1	0	13	8691
0.654	1	0	0	1	65	6	0	1	12	12	1	0	13	8691
0.655	1	0	0	1	65	7	0	1	12	11	1	0	13	8691
0.656	1	0	0	1	65	8	0	1	12	15	1	0	13	8691
0.657	1	0	0	1	65	9	0	1	12	14	1	0	13	8691
0.658	1	0	0	1	66	0	0	1	12	13	1	0	13	8691
0.659	1	0	0	1	66	1	0	1	12	12	1	0	13	8691
0.66	1	0	0	1	66	2	0	1	12	11	1	0	13	8691
0.661	1	0	0	1	66	3	0	1	12	15	1	0	13	8691
0.662	1	0	0	1	66	4	0	1	12	14	1	0	13	8691
0.663	1	0	0	1	66	5	0	1	12	13	1	0	13	8691
0.664	1	0	0	1	66	6	0	1	12	12	1	0	13	8691
0.665	1	0	0	1	66	7	0	1	12	11	1	0	13	8691
0.666	1	0	0	1	66	8	0	1	12	15	1	0	13	8691
0.667	1	0	0	1	66	9	0	1	12	14	1	0	13	8691
0.668	1	0	0	1	67	0	0	1	12	13	1	0	13	8691
0.669	1	0	0	1	67	1	0	1	12	12	1	0	13	8691
0.67	1	0	0	1	67	2	0	1	12	11	1	0	13	8691
0.671	1	0	0	1	67	3	0	1	12	15	1	0	13	8691
0.672	1	0	0	1	67	4	0	1	12	14	1	0	13	8691
0.673	1	0	0	1	67	5	0	1	12	13	1	0	13	8691
0.674	1	0	0	1	67	6	0	1	12	12	1	0	13	8691
0.675	1	0	0	1	67	7	0	1	12	11	1	0	13	8691
0.676	1	0	0	1	67	8	0	1	12	15	1	0	13	8691
0.677	1	0	0	1	67	9	0	1	12	14	1	0	13	8691
0.678	1	0	0	1	68	0	0	1	12	13	1	0	13	8691
0.679	1	0	0	1	68	1	0	1	12	12	1	0	13	8691
0.68	1	0	0	1	68	2	0	1	12	11	1	0	13	8691
0.681	1	0	0	1	68	3	0	1	12	15	1	0	13	8691
0.682	1	0	0	1	68	4	0	1	12	14	1	0	13	8691
0.683	1	0	0	1	68	5	0	1	12	13	1	0	13	8691
0.684	1	0	0	1	68	6	0	1	12	12	1	0	13	8691
0.685	1	0	0	1	68	7	0	1	12	11	1	0	13	8691
0.686	1	0	0	1	68	8	0	1	12	15	1	0	13	8691
0.687	1	0	0	1	68	9	0	1	12	14	1	0	13	8691
0.688	1	0	0	1	69	0	0	1	11	13	1	0	13	7968
0.689	1	0	0	1	69	1	0	1	12	12	1	0	13	8691
0.69	1	0	0	1	69	2	0	1	12	11	1	0	13	8691
0.691	1	0	0	1	69	3	0	1	12	15	1	0	13	8691
0.692	1	0	0	1	69	4	0	1	12	14	1	0	13	8691
0.693	1	0	0	1	69	5	0	1	12	13	1	0	13	8691
0.694	1	0	0	1	69	6	0	1	12	12	1	0	13	8691
0.695	1	0	0	1	69	7	0	1	12	11	1	0	13	8691
0.696	1	0	0	1	69	8	0	1	12	15	1	0	13	8691
0.697	1	0	0	1	69	9	0	1	12	14	1	0	13	8691
0.698	1	0	0	1	70	0	0	1	12	13	1	0	13	8691
0.699	1	0	0	1	70	1	0	1	12	12	1	0	13	8691
0.7	1	0	0	1	70	2	0	1	12	11	1	0	13	8691
0.701	1	0	0	1	70	3	0	1	12	15	1	0	13	8691
0.702	1	0	0	1	70	4	0	1	12	14	1	0	13	8691
0.703	1	0	0	1	70	5	0	1	12	13	1	0	13	8691
0.704	1	0	0	1	70	6	0	1	12	12	1	0	13	8691
0.705	1	0	0	1	70	7	0	1	12	11	1	0	13	8691
0.706	1	0	0	1	70	8	0	1	12	15	1	0	13	8691
0.707	1	0	0	1	70	9	0	1	12	14	1	0	13	8691
0.708	1	0	0	1	71	0	0	1	12	13	1	0	13	8691
0.709	1	0	0	1	71	1	0	1	12	12	1	0	13	8691
0.71	1	0	0	1	71	2	0	1	12	11	1	0	13	8691
0.711	1	0	0	1	71	3	0	1	12	15	1	0	13	8691
0.712	1	0	0	1	71	4	0	1	12	14	1	0	13	8691
0.713	1	0	0	1	71	5	0	1	12	13	1	0	13	8691
0.714	1	0	0	1	71	6	0	1	12	12	1	0	13	8691
0.715	1	0	0	1	71	7	0	1	12	11	1	0	13	8691
0.716	1	0	0	1	71	8	0	1	12	15	1	0	13	8691
0.717	1	0	0	1	71	9	0	1	12	14	1	0	13	8691
0.718	1	0	0	1	72	0	0	1	12	13	1	0	13	8691
0.719	1	0	0	1	72	1	0	1	12	12	1	0	13	8691
0.72	1	0	0	1	72	2	0	1	12	11	1	0	13	8691
0.721	1	0	0	1	72	3	0	1	12	15	1	0	13	8691
0.722	1	0	0	1	72	4	0	1	12	14	1	0	13	8691
0.723	1	0	0	1	72	5	0	1	12	13	1	0	13	8691
0.724	1	0	0	1	72	6	0	1	12	12	1	0	13	8691
0.725	1	0	0	1	72	7	0	1	12	11	1	0	13	8691
0.726	1	0	0	1	72	8	0	1	12	15	1	0	13	8691
0.727	1	0	0	1	72	9	0	1	12	14	1	0	13	8691
0.728	1	0	0	1	73	0	0	1	12	13	1	0	13	8691
0.729	1	0	0	1	73	1	0	1	12	12	1	0	13	8691
0.73	1	0	0	1	73	2	0	1	12	11	1	0	13	8691
0.731	1	0	0	1	73	3	0	1	12	15	1	0	13	8691
0.732	1	0	0	1	73	4	0	1	12	14	1	0	13	8691
0.733	1	0	0	1	73	5	0	1	12	13	1	0	13	8691
0.734	1	0	0	1	73	6	0	1	12	12	1	0	13	8691
0.735	1	0	0	1	73	7	0	1	12	11	1	0	13	8691
0.736	1	0	0	1	73	8	0	1	12	15	1	0	13	8691
0.737	1	0	0	1	73	9	0	1	12	14	1	0	13	8691
0.738	1	0	0	1	74	0	0	1	12	13	1	0	13	8691
0.739	1	0	0	1	74	1	0	1	12	12	1	0	13	8691
0.74	1	0	0	1	74	2	0	1	12	11	1	0	13	8691
0.741	1	0	0	1	74	3	0	1	12	15	1	0	13	8691
0.742	1	0	0	1	74	4	0	1	12	14	1	0	13	8691
0.743	1	0	0	1	74	5	0	1	12	13	1	0	13	8691
0.744	1	0	0	1	74	6	0	1	12	12	1	0	13	8691
0.745	1	0	0	1	74	7	0	1	12	11	1	0	13	8691
0.746	1	0	0	1	74	8	0	1	12	15	1	0	13	8691
0.747	1	0	0	1	74	9	0	1	12	14	1	0	13	8691
0.748	1	0	0	1	75	0	0	1	12	13	1	0	13	8691
0.749	1	0	0	1	75	1	0	1	12	12	1	0	13	8691
0.75	1	0	0	1	75	2	0	1	12	11	1	0	13	8691
0.751	1	0	0	1	75	3	0	1	12	15	1	0	13	8691
0.752	1	0	0	1	75	4	0	1	12	14	1	0	13	8691
0.753	1	0	0	1	75	5	0	1	12	13	1	0	13	8691
0.754	1	0	0	1	75	6	0	1	12	12	1	0	13	8691
0.755	1	0	0	1	75	7	0	1	12	11	1	0	13	8691
0.756	1	0	0	1	75	8	0	1	12	15	1	0	13	8691
0.757	1	0	0	1	75	9	0	1	12	14	1	0	13	8691
0.758	1	0	0	1	76	0	0	1	12	13	1	0	13	8691
0.759	1	0	0	1	76	1	0	1	12	12	1	0	13	8691
0.76	1	0	0	1	76	2	0	1	12	11	1	0	13	8691
0.761	1	0	0	1	76	3	0	1	12	15	1	0	13	8691
0.762	1	0	0	1	76	4	0	1	12	14	1	0	13	8691
0.763	1	0	0	1	76	5	0	1	12	13	1	0	13	8691
0.764	1	0	0	1	76	6	0	1	12	12	1	0	13	8691
0.765	1	0	0	1	76	7	0	1	12	11	1	0	13	8691
0.766	1	0	0	1	76	8	0	1	12	15	1	0	13	8691
0.767	1	0	0	1	76	9	0	1	12	14	1	0	13	8691
0.768	1	0	0	1	77	0	0	1	11	13	1	0	13	7968
0.769	1	0	0	1	77	1	0	1	12	12	1	0	13	8691
0.77	1	0	0	1	77	2	0	1	12	11	1	0	13	8691
0.771	1	0	0	1	77	3	0	1	12	15	1	0	13	8691
0.772	1	0	0	1	77	4	0	1	12	14	1	0	13	8691
0.773	1	0	0	1	77	5	0	1	12	13	1	0	13	8691
0.774	1	0	0	1	77	6	0	1	12	12	1	0	13	8691
0.775	1	0	0	1	77	7	0	1	12	11	1	0	13	8691
0.776	1	0	0	1	77	8	0	1	12	15	1	0	13	8691
0.777	1	0	0	1	77	9	0	1	12	14	1	0	13	8691
0.778	1	0	0	1	78	0	0	1	12	13	1	0	13	8691
0.779	1	0	0	1	78	1	0	1	12	12	1	0	13	8691
0.78	1	0	0	1	78	2	0	1	12	11	1	0	13	8691
0.781	1	0	0	1	78	3	0	1	12	15	1	0	13	8691
0.782	1	0	0	1	78	4	0	1	12	14	1	0	13	8691
0.783	1	0	0	1	78	5	0	1	12	13	1	0	13	8691
0.784	1	0	0	1	78	6	0	1	12	12	1	0	13	8691
0.785	1	0	0	1	78	7	0	1	12	11	1	0	13	8691
0.786	1	0	0	1	78	8	0	1	12	15	1	0	13	8691
0.787	1	0	0	1	78	9	0	1	12	14	1	0	13	8691
0.788	1	0	0	1	79	0	0	1	12	13	1	0	13	8691
0.789	1	0	0	1	79	1	0	1	12	12	1	0	13	8691
0.79	1	0	0	1	79	2	0	1	12	11	1	0	13	8691
0.791	1	0	0	1	79	3	0	1	12	15	1	0	13	8691
0.792	1	0	0	1	79	4	0	1	12	14	1	0	13	8691
0.793	1	0	0	1	79	5	0	1	12	13	1	0	13	8691
0.794	1	0	0	1	79	6	0	1	12	12	1	0	13	8691
0.795	1	0	0	1	79	7	0	1	12	11	1	0	13	8691
0.796	1	0	0	1	79	8	0	1	12	15	1	0	13	8691
0.797	1	0	0	1	79	9	0	1	12	14	1	0	13	8691
0.798	1	0	0	1	80	0	0	1	12	13	1	0	13	8691
0.799	1	0	0	1	80	1	0	1	12	12	1	0	13	8691
0.8	1	0	0	1	80	2	0	1	12	11	1	0	13	8691
0.801	1	0	0	1	80	3	0	1	12	15	1	0	13	8691
0.802	1	0	0	1	80	4	0	1	12	14	1	0	13	8691
0.803	1	0	0	1	80	5	0	1	12	13	1	0	13	8691
0.804	1	0	0	1	80	6	0	1	12	12	1	0	13	8691
0.805	1	0	0	1	80	7	0	1	12	11	1	0	13	8691
0.806	1	0	0	1	80	8	0	1	12	15	1	0	13	8691
0.807	1	0	0	1	80	9	0	1	12	14	1	0	13	8691
0.808	1	0	0	1	81	0	0	1	12	13	1	0	13	8691
0.809	1	0	0	1	81	1	0	1	12	12	1	0	13	8691
0.81	1	0	0	1	81	2	0	1	12	11	1	0	13	8691
0.811	1	0	0	1	81	3	0	1	12	15	1	0	13	8691
0.812	1	0	0	1	81	4	0	1	12	14	1	0	13	8691
0.813	1	0	0	1	81	5	0	1	12	13	1	0	13	8691
0.814	1	0	0	1	81	6	0	1	12	12	1	0	13	8691
0.815	1	0	0	1	81	7	0	1	12	11	1	0	13	8691
0.816	1	0	0	1	81	8	0	1	12	15	1	0	13	8691
0.817	1	0	0	1	81	9	0	1	12	14	1	0	13	8691
0.818	1	0	0	1	82	0	0	1	12	13	1	0	13	8691
0.819	1	0	0	1	82	1	0	1	12	12	1	0	13	8691
0.82	1	0	0	1	82	2	0	1	12	11	1	0	13	8691
0.821	1	0	0	1	82	3	0	1	12	15	1	0	13	8691
0.822	1	0	0	1	82	4	0	1	12	14	1	0	13	8691
0.823	1	0	0	1	82	5	0	1	12	13	1	0	13	8691
0.824	1	0	0	1	82	6	0	1	12	12	1	0	13	8691
0.825	1	0	0	1	82	7	0	1	12	11	1	0	13	8691
0.826	1	0	0	1	82	8	0	1	12	15	1	0	13	8691
0.827	1	0	0	1	82	9	0	1	12	14	1	0	13	8691
0.828	1	0	0	1	83	0	0	1	12	13	1	0	13	8691
0.829	1	0	0	1	83	1	0	1	12	12	1	0	13	8691
0.83	1	0	0	1	83	2	0	1	12	11	1	0	13	8691
0.831	1	0	0	1	83	3	0	1	12	15	1	0	13	8691
0.832	1	0	0	1	83	4	0	1	12	14	1	0	13	8691
0.833	1	0	0	1	83	5	0	1	12	13	1	0	13	8691
0.834	1	0	0	1	83	6	0	1	12	12	1	0	13	8691
0.835	1	0	0	1	83	7	0	1	12	11	1	0	13	8691
0.836	1	0	0	1	83	8	0	1	12	15	1	0	13	8691
0.837	1	0	0	1	83	9	0	1	12	14	1	0	13	8691
0.838	1	0	0	1	84	0	0	1	12	13	1	0	13	8691
0.839	1	0	0	1	84	1	0	1	12	12	1	0	13	8691
0.84	1	0	0	1	84	2	0	1	12	11	1	0	13	8691
0.841	1	0	0	1	84	3	0	1	12	15	1	0	13	8691
0.842	1	0	0	1	84	4	0	1	12	14	1	0	13	8691
0.843	1	0	0	1	84	5	0	1	12	13	1	0	13	8691
0.844	1	0	0	1	84	6	0	1	12	12	1	0	13	8691
0.845	1	0	0	1	84	7	0	1	12	11	1	0	13	8691
0.846	1	0	0	1	84	8	0	1	12	15	1	0	13	8691
0.847	1	0	0	1	84	9	0	1	12	14	1	0	13	8691
0.848	1	0	0	1	85	0	0	1	11	13	1	0	13	7968
0.849	1	0	0	1	85	1	0	1	12	12	1	0	13	8691
0.85	1	0	0	1	85	2	0	1	12	11	1	0	13	8691
0.851	1	0	0	1	85	3	0	1	12	15	1	0	13	8691
0.852	1	0	0	1	85	4	0	1	12	14	1	0	13	8691
0.853	1	0	0	1	85	5	0	1	12	13	1	0	13	8691
0.854	1	0	0	1	85	6	0	1	12	12	1	0	13	8691
0.855	1	0	0	1	85	7	0	1	12	11	1	0	13	8691
0.856	1	0	0	1	85	8	0	1	12	15	1	0	13	8691
0.857	1	0	0	1	85	9	0	1	12	14	1	0	13	8691
0.858	1	0	0	1	86	0	0	1	12	13	1	0	13	8691
0.859	1	0	0	1	86	1	0	1	12	12	1	0	13	8691
0.86	1	0	0	1	86	2	0	1	12	11	1	0	13	8691
0.861	1	0	0	1	86	3	0	1	12	15	1	0	13	8691
0.862	1	0	0	1	86	4	0	1	12	14	1	0	13	8691
0.863	1	0	0	1	86	5	0	1	12	13	1	0	13	8691
0.864	1	0	0	1	86	6	0	1	12	12	1	0	13	8691
0.865	1	0	0	1	86	7	0	1	12	11	1	0	13	8691
0.866	1	0	0	1	86	8	0	1	12	15	1	0	13	8691
0.867	1	0	0	1	86	9	0	1	12	14	1	0	13	8691
0.868	1	0	0	1	87	0	0	1	12	13	1	0	13	8691
0.869	1	0	0	1	87	1	0	1	12	12	1	0	13	8691
0.87	1	0	0	1	87	2	0	1	12	11	1	0	13	8691
0.871	1	0	0	1	87	3	0	1	12	15	1	0	13	8691
0.872	1	0	0	1	87	4	0	1	12	14	1	0	13	8691
0.873	1	0	0	1	87	5	0	1	12	13	1	0	13	8691
0.874	1	0	0	1	87	6	0	1	12	12	1	0	13	8691
0.875	1	0	0	1	87	7	0	1	12	11	1	0	13	8691
0.876	1	0	0	1	87	8	0	1	12	15	1	0	13	8691
0.877	1	0	0	1	87	9	0	1	12	14	1	0	13	8691
0.878	1	0	0	1	88	0	0	1	12	13	1	0	13	8691
0.879	1	0	0	1	88	1	0	1	12	12	1	0	13	8691
0.88	1	0	0	1	88	2	0	1	12	11	1	0	13	8691
0.881	1	0	0	1	88	3	0	1	12	15	1	0	13	8691
0.882	1	0	0	1	88	4	0	1	12	14	1	0	13	8691
0.883	1	0	0	1	88	5	0	1	12	13	1	0	13	8691
0.884	1	0	0	1	88	6	0	1	12	12	1	0	13	8691
0.885	1	0	0	1	88	7	0	1	12	11	1	0	13	8691
0.886	1	0	0	1	88	8	0	1	12	15	1	0	13	8691
0.887	1	0	0	1	88	9	0	1	12	14	1	0	13	8691
0.888	1	0	0	1	89	0	0	1	12	13	1	0	13	8691
0.889	1	0	0	1	89	1	0	1	12	12	1	0	13	8691
0.89	1	0	0	1	89	2	0	1	12	11	1	0	13	8691
0.891	1	0	0	1	89	3	0	1	12	15	1	0	13	8691
0.892	1	0	0	1	89	4	0	1	12	14	1	0	13	8691
0.893	1	0	0	1	89	5	0	1	12	13	1	0	13	8691
0.894	1	0	0	1	89	6	0	1	12	12	1	0	13	8691
0.895	1	0	0	1	89	7	0	1	12	11	1	0	13	8691
0.896	1	0	0	1	89	8	0	1	12	15	1	0	13	8691
0.897	1	0	0	1	89	9	0	1	12	14	1	0	13	8691
0.898	1	0	0	1	90	0	0	1	12	13	1	0	13	8691
0.899	1	0	0	1	90	1	0	1	12	12	1	0	13	8691
0.9	1	0	0	1	90	2	0	1	12	11	1	0	13	8691
0.901	1	0	0	1	90	3	0	1	12	15	1	0	13	8691
0.902	1	0	0	1	90	4	0	1	12	14	1	0	13	8691
0.903	1	0	0	1	90	5	0	1	12	13	1	0	13	8691
0.904	1	0	0	1	90	6	0	1	12	12	1	0	13	8691
0.905	1	0	0	1	90	7	0	1	12	11	1	0	13	8691
0.906	1	0	0	1	90	8	0	1	12	15	1	0	13	8691
0.907	1	0	0	1	90	9	0	1	12	14	1	0	13	8691
0.908	1	0	0	1	91	0	0	1	12	13	1	0	13	8691
0.909	1	0	0	1	91	1	0	1	12	12	1	0	13	8691
0.91	1	0	0	1	91	2	0	1	12	11	1	0	13	8691
0.911	1	0	0	1	91	3	0	1	12	15	1	0	13	8691
0.912	1	0	0	1	91	4	0	1	12	14	1	0	13	8691
0.913	1	0	0	1	91	5	0	1	12	13	1	0	13	8691
0.914	1	0	0	1	91	6	0	1	12	12	1	0	13	8691
0.915	1	0	0	1	91	7	0	1	12	11	1	0	13	8691
0.916	1	0	0	1	91	8	0	1	12	15	1	0	13	8691
0.917	1	0	0	1	91	9	0	1	12	14	1	0	13	8691
0.918	1	0	0	1	92	0	0	1	12	13	1	0	13	8691
0.919	1	0	0	1	92	1	0	1	12	12	1	0	13	8691
0.92	1	0	0	1	92	2	0	1	12	11	1	0	13	8691
0.921	1	0	0	1	92	3	0	1	12	15	1	0	13	8691
0.922	1	0	0	1	92	4	0	1	12	14	1	0	13	8691
0.923	1	0	0	1	92	5	0	1	12	13	1	0	13	8691
0.924	1	0	0	1	92	6	0	1	12	12	1	0	13	8691
0.925	1	0	0	1	92	7	0	1	12	11	1	0	13	8691
0.926	1	0	0	1	92	8	0	1	12	15	1	0	13	8691
0.927	1	0	0	1	92	9	0	1	12	14	1	0	13	8691
0.928	1	0	0	1	93	0	0	1	11	13	1	0	13	7968
0.929	1	0	0	1	93	1	0	1	12	12	1	0	13	8691
0.93	1	0	0	1	93	2	0	1	12	11	1	0	13	8691
0.931	1	0	0	1	93	3	0	1	12	15	1	0	13	8691
0.932	1	0	0	1	93	4	0	1	12	14	1	0	13	8691
0.933	1	0	0	1	93	5	0	1	12	13	1	0	13	8691
0.934	1	0	0	1	93	6	0	1	12	12	1	0	13	8691
0.935	1	0	0	1	93	7	0	1	12	11	1	0	13	8691
0.936	1	0	0	1	93	8	0	1	12	15	1	0	13	8691
0.937	1	0	0	1	93	9	0	1	12	14	1	0	13	8691
0.938	1	0	0	1	94	0	0	1	12	13	1	0	13	8691
0.939	1	0	0	1	94	1	0	1	12	12	1	0	13	8691
0.94	1	0	0	1	94	2	0	1	12	11	1	0	13	8691
0.941	1	0	0	1	94	3	0	1	12	15	1	0	13	8691
0.942	1	0	0	1	94	4	0	1	12	14	1	0	13	8691
0.943	1	0	0	1	94	5	0	1	12	13	1	0	13	8691
0.944	1	0	0	1	94	6	0	1	12	12	1	0	13	8691
0.945	1	0	0	1	94	7	0	1	12	11	1	0	13	8691
0.946	1	0	0	1	94	8	0	1	12	15	1	0	13	8691
0.947	1	0	0	1	94	9	0	1	12	14	1	0	13	8691
0.948	1	0	0	1	95	0	0	1	12	13	1	0	13	8691
0.949	1	0	0	1	95	1	0	1	12	12	1	0	13	8691
0.95	1	0	0	1	95	2	0	1	12	11	1	0	13	8691
0.951	1	0	0	1	95	3	0	1	12	15	1	0	13	8691
0.952	1	0	0	1	95	4	0	1	12	14	1	0	13	8691
0.953	1	0	0	1	95	5	0	1	12	13	1	0	13	8691
0.954	1	0	0	1	95	6	0	1	12	12	1	0	13	8691
0.955	1	0	0	1	95	7	0	1	12	11	1	0	13	8691
0.956	1	0	0	1	95	8	0	1	12	15	1	0	13	8691
0.957	1	0	0	1	95	9	0	1	12	14	1	0	13	8691
0.958	1	0	0	1	96	0	0	1	12	13	1	0	13	8691
0.959	1	0	0	1	96	1	0	1	12	12	1	0	13	8691
0.96	1	0	0	1	96	2	0	1	12	11	1	0	13	8691
0.961	1	0	0	1	96	3	0	1	12	15	1	0	13	8691
0.962	1	0	0	1	96	4	0	1	12	14	1	0	13	8691
0.963	1	0	0	1	96	5	0	1	12	13	1	0	13	8691
0.964	1	0	0	1	96	6	0	1	12	12	1	0	13	8691
0.965	1	0	0	1	96	7	0	1	12	11	1	0	13	8691
0.966	1	0	0	1	96	8	0	1	12	15	1	0	13	8691
0.967	1	0	0	1	96	9	0	1	12	14	1	0	13	8691
0.968	1	0	0	1	97	0	0	1	12	13	1	0	13	8691
0.969	1	0	0	1	97	1	0	1	12	12	1	0	13	8691
0.97	1	0	0	1	97	2	0	1	12	11	1	0	13	8691
0.971	1	0	0	1	97	3	0	1	12	15	1	0	13	8691
0.972	1	0	0	1	97	4	0	1	12	14	1	0	13	8691
0.973	1	0	0	1	97	5	0	1	12	13	1	0	13	8691
0.974	1	0	0	1	97	6	0	1	12	12	1	0	13	8691
0.975	1	0	0	1	97	7	0	1	12	11	1	0	13	8691
0.976	1	0	0	1	97	8	0	1	12	15	1	0	13	8691
0.977	1	0	0	1	97	9	0	1	12	14	1	0	13	8691
0.978	1	0	0	1	98	0	0	1	12	13	1	0	13	8691
0.979	1	0	0	1	98	1	0	1	12	12	1	0	13	8691
0.98	1	0	0	1	98	2	0	1	12	11	1	0	13	8691
0.981	1	0	0	1	98	3	0	1	12	15	1	0	13	8691
0.982	1	0	0	1	98	4	0	1	12	14	1	0	13	8691
0.983	1	0	0	1	98	5	0	1	12	13	1	0	13	8691
0.984	1	0	0	1	98	6	0	1	12	12	1	0	13	8691
0.985	1	0	0	1	98	7	0	1	12	11	1	0	13	8691
0.986	1	0	0	1	98	8	0	1	12	15	1	0	13	8691
0.987	1	0	0	1	98	9	0	1	12	14	1	0	13	8691
0.988	1	0	0	1	99	0	0	1	12	13	1	0	13	8691
0.989	1	0	0	1	99	1	0	1	12	12	1	0	13	8691
0.99	1	0	0	1	99	2	0	1	12	11	1	0	13	8691
0.991	1	0	0	1	99	3	0	1	12	15	1	0	13	8691
0.992	1	0	0	1	99	4	0	1	12	14	1	0	13	8691
0.993	1	0	0	1	99	5	0	1	12	13	1	0	13	8691
0.994	1	0	0	1	99	6	0	1	12	12	1	0	13	8691
0.995	1	0	0	1	99	7	0	1	12	11	1	0	13	8691
0.996	1	0	0	1	99	8	0	1	12	15	1	0	13	8691
0.997	1	0	0	1	99	9	0	1	12	14	1	0	13	8691
0.998	1	0	0	1	100	0	0	1	12	13	1	0	13	8691
0.999	1	0	0	1	100	1	0	1	12	12	1	0	13	8691
1	1	0	0	1	100	2	0	1	12	11	1	0	13	8691
1.001	1	0	0	1	100	3	0	1	12	15	1	0	13	8691
1.002	1	0	0	1	100	4	0	1	12	14	1	0	13	8691
1.003	1	0	0	1	100	5	0	1	12	13	1	0	13	8691
1.004	1	0	0	1	100	6	0	1	12	12	1	0	13	8691
1.005	1	0	0	1	100	7	0	1	12	11	1	0	13	8691
1.006	1	0	0	1	100	8	0	1	12	15	1	0	13	8691
1.007	1	0	0	1	100	9	0	1	12	14	1	0	13	8691
1.008	1	0	0	1	101	0	0	1	11	13	1	0	13	7968
1.009	1	0	0	1	101	1	0	1	12	12	1	0	13	8691
1.01	1	0	0	1	101	2	0	1	12	11	1	0	13	8691
1.011	1	0	0	1	101	3	0	1	12	15	1	0	13	8691
1.012	1	0	0	1	101	4	0	1	12	14	1	0	13	8691
1.013	1	0	0	1	101	5	0	1	12	13	1	0	13	8691
1.014	1	0	0	1	101	6	0	1	12	12	1	0	13	8691
1.015	1	0	0	1	101	7	0	1	12	11	1	0	13	8691
1.016	1	0	0	1	101	8	0	1	12	15	1	0	13	8691
1.017	1	0	0	1	101	9	0	1	12	14	1	0	13	8691
1.018	1	0	0	1	102	0	0	1	12	13	1	0	13	8691
1.019	1	0	0	1	102	1	0	1	12	12	1	0	13	8691
1.02	1	0	0	1	102	2	0	1	12	11	1	0	13	8691
1.021	1	0	0	1	102	3	0	1	12	15	1	0	13	8691
1.022	1	0	0	1	102	4	0	1	12	14	1	0	13	8691
1.023	1	0	0	1	102	5	0	1	12	13	1	0	13	8691
1.024	1	0	0	1	102	6	0	1	12	12	1	0	13	8691
1.025	1	0	0	1	102	7	0	1	12	11	1	0	13	8691
1.026	1	0	0	1	102	8	0	1	12	15	1	0	13	8691
1.027	1	0	0	1	102	9	0	1	12	14	1	0	13	8691
1.028	1	0	0	1	103	0	0	1	12	13	1	0	13	8691
1.029	1	0	0	1	103	1	0	1	12	12	1	0	13	8691
1.03	1	0	0	1	103	2	0	1	12	11	1	0	13	8691
1.031	1	0	0	1	103	3	0	1	12	15	1	0	13	8691
1.032	1	0	0	1	103	4	0	1	12	14	1	0	13	8691
1.033	1	0	0	1	103	5	0	1	12	13	1	0	13	8691
1.034	1	0	0	1	103	6	0	1	12	12	1	0	13	8691
1.035	1	0	0	1	103	7	0	1	12	11	1	0	13	8691
1.036	1	0	0	1	103	8	0	1	12	15	1	0	13	8691
1.037	1	0	0	1	103	9	0	1	12	14	1	0	13	8691
1.038	1	0	0	1	104	0	0	1	12	13	1	0	13	8691
1.039	1	0	0	1	104	1	0	1	12	12	1	0	13	8691
1.04	1	0	0	1	104	2	0	1	12	11	1	0	13	8691
1.041	1	0	0	1	104	3	0	1	12	15	1	0	13	8691
1.042	1	0	0	1	104	4	0	1	12	14	1	0	13	8691
1.043	1	0	0	1	104	5	0	1	12	13	1	0	13	8691
1.044	1	0	0	1	104	6	0	1	12	12	1	0	13	8691
1.045	1	0	0	1	104	7	0	1	12	11	1	0	13	8691
1.046	1	0	0	1	104	8	0	1	12	15	1	0	13	8691
1.047	1	0	0	1	104	9	0	1	12	14	1	0	13	8691
1.048	1	0	0	1	105	0	0	1	12	13	1	0	13	8691
1.049	1	0	0	1	105	1	0	1	12	12	1	0	13	8691
1.05	1	0	0	1	105	2	0	1	12	11	1	0	13	8691
1.051	1	0	0	1	105	3	0	1	12	15	1	0	13	8691
1.052	1	0	0	1	105	4	0	1	12	14	1	0	13	8691
1.053	1	0	0	1	105	5	0	1	12	13	1	0	13	8691
1.054	1	0	0	1	105	6	0	1	12	12	1	0	13	8691
1.055	1	0	0	1	105	7	0	1	12	11	1	0	13	8691
1.056	1	0	0	1	105	8	0	1	12	15	1	0	13	8691
1.057	1	0	0	1	105	9	0	1	12	14	1	0	13	8691
1.058	1	0	0	1	106	0	0	1	12	13	1	0	13	8691
1.059	1	0	0	1	106	1	0	1	12	12	1	0	13	8691
1.06	1	0	0	1	106	2	0	1	12	11	1	0	13	8691
1.061	1	0	0	1	106	3	0	1	12	15	1	0	13	8691
1.062	1	0	0	1	106	4	0	1	12	14	1	0	13	8691
1.063	1	0	0	1	106	5	0	1	12	13	1	0	13	8691
1.064	1	0	0	1	106	6	0	1	12	12	1	0	13	8691
1.065	1	0	0	1	106	7	0	1	12	11	1	0	13	8691
1.066	1	0	0	1	106	8	0	1	12	15	1	0	13	8691
1.067	1	0	0	1	106	9	0	1	12	14	1	0	13	8691
1.068	1	0	0	1	107	0	0	1	12	13	1	0	13	8691
1.069	1	0	0	1	107	1	0	1	12	12	1	0	13	8691
1.07	1	0	0	1	107	2	0	1	12	11	1	0	13	8691
1.071	1	0	0	1	107	3	0	1	12	15	1	0	13	8691
1.072	1	0	0	1	107	4	0	1	12	14	1	0	13	8691
1.073	1	0	0	1	107	5	0	1	12	13	1	0	13	8691
1.074	1	0	0	1	107	6	0	1	12	12	1	0	13	8691
1.075	1	0	0	1	107	7	0	1	12	11	1	0	13	8691
1.076	1	0	0	1	107	8	0	1	12	15	1	0	13	8691
1.077	1	0	0	1	107	9	0	1	12	14	1	0	13	8691
1.078	1	0	0	1	108	0	0	1	12	13	1	0	13	8691
1.079	1	0	0	1	108	1	0	1	12	12	1	0	13	8691
1.08	1	0	0	1	108	2	0	1	12	11	1	0	13	8691
1.081	1	0	0	1	108	3	0	1	12	15	1	0	13	8691
1.082	1	0	0	1	108	4	0	1	12	14	1	0	13	8691
1.083	1	0	0	1	108	5	0	1	12	13	1	0	13	8691
1.084	1	0	0	1	108	6	0	1	12	12	1	0	13	8691
1.085	1	0	0	1	108	7	0	1	12	11	1	0	13	8691
1.086	1	0	0	1	108	8	0	1	12	15	1	0	13	8691
1.087	1	0	0	1	108	9	0	1	12	14	1	0	13	8691
1.088	1	0	0	1	109	0	0	1	11	13	1	0	13	7968
1.089	1	0	0	1	109	1	0	1	12	12	1	0	13	8691
1.09	1	0	0	1	109	2	0	1	12	11	1	0	13	8691
1.091	1	0	0	1	109	3	0	1	12	15	1	0	13	8691
1.092	1	0	0	1	109	4	0	1	12	14	1	0	13	8691
1.093	1	0	0	1	109	5	0	1	12	13	1	0	13	8691
1.094	1	0	0	1	109	6	0	1	12	12	1	0	13	8691
1.095	1	0	0	1	109	7	0	1	12	11	1	0	13	8691
1.096	1	0	0	1	109	8	0	1	12	15	1	0	13	8691
1.097	1	0	0	1	109	9	0	1	12	14	1	0	13	8691
1.098	1	0	0	1	110	0	0	1	12	13	1	0	13	8691
1.099	1	0	0	1	110	1	0	1	12	12	1	0	13	8691
1.1	1	0	0	1	110	2	0	1	12	11	1	0	13	8691
1.101	1	0	0	1	110	3	0	1	12	15	1	0	13	8691
1.102	1	0	0	1	110	4	0	1	12	14	1	0	13	8691
1.103	1	0	0	1	110	5	0	1	12	13	1	0	13	8691
1.104	1	0	0	1	110	6	0	1	12	12	1	0	13	8691
1.105	1	0	0	1	110	7	0	1	12	11	1	0	13	8691
1.106	1	0	0	1	110	8	0	1	12	15	1	0	13	8691
1.107	1	0	0	1	110	9	0	1	12	14	1	0	13	8691
1.108	1	0	0	1	111	0	0	1	12	13	1	0	13	8691
1.109	1	0	0	1	111	1	0	1	12	12	1	0	13	8691
1.11	1	0	0	1	111	2	0	1	12	11	1	0	13	8691
1.111	1	0	0	1	111	3	0	1	12	15	1	0	13	8691
1.112	1	0	0	1	111	4	0	1	12	14	1	0	13	8691
1.113	1	0	0	1	111	5	0	1	12	13	1	0	13	8691
1.114	1	0	0	1	111	6	0	1	12	12	1	0	13	8691
1.115	1	0	0	1	111	7	0	1	12	11	1	0	13	8691
1.116	1	0	0	1	111	8	0	1	12	15	1	0	13	8691
1.117	1	0	0	1	111	9	0	1	12	14	1	0	13	8691
1.118	1	0	0	1	112	0	0	1	12	13	1	0	13	8691
1.119	1	0	0	1	112	1	0	1	12	12	1	0	13	8691
1.12	1	0	0	1	112	2	0	1	12	11	1	0	13	8691
1.121	1	0	0	1	112	3	0	1	12	15	1	0	13	8691
1.122	1	0	0	1	112	4	0	1	12	14	1	0	13	8691
1.123	1	0	0	1	112	5	0	1	12	13	1	0	13	8691
1.124	1	0	0	1	112	6	0	1	12	12	1	0	13	8691
1.125	1	0	0	1	112	7	0	1	12	11	1	0	13	8691
1.126	1	0	0	1	112	8	0	1	12	15	1	0	13	8691
1.127	1	0	0	1	112	9	0	1	12	14	1	0	13	8691
1.128	1	0	0	1	113	0	0	1	12	13	1	0	13	8691
1.129	1	0	0	1	113	1	0	1	12	12	1	0	13	8691
1.13	1	0	0	1	113	2	0	1	12	11	1	0	13	8691
1.131	1	0	0	1	113	3	0	1	12	15	1	0	13	8691
1.132	1	0	0	1	113	4	0	1	12	14	1	0	13	8691
1.133	1	0	0	1	113	5	0	1	12	13	1	0	13	8691
1.134	1	0	0	1	113	6	0	1	12	12	1	0	13	8691
1.135	1	0	0	1	113	7	0	1	12	11	1	0	13	8691
1.136	1	0	0	1	113	8	0	1	12	15	1	0	13	8691
1.137	1	0	0	1	113	9	0	1	12	14	1	0	13	8691
1.138	1	0	0	1	114	0	0	1	12	13	1	0	13	8691
1.139	1	0	0	1	114	1	0	1	12	12	1	0	13	8691
1.14	1	0	0	1	114	2	0	1	12	11	1	0	13	8691
1.141	1	0	0	1	114	3	0	1	12	15	1	0	13	8691
1.142	1	0	0	1	114	4	0	1	12	14	1	0	13	8691
1.143	1	0	0	1	114	5	0	1	12	13	1	0	13	8691
1.144	1	0	0	1	114	6	0	1	12	12	1	0	13	8691
1.145	1	0	0	1	114	7	0	1	12	11	1	0	13	8691
1.146	1	0	0	1	114	8	0	1	12	15	1	0	13	8691
1.147	1	0	0	1	114	9	0	1	12	14	1	0	13	8691
1.148	1	0	0	1	115	0	0	1	12	13	1	0	13	8691
1.149	1	0	0	1	115	1	0	1	12	12	1	0	13	8691
1.15	1	0	0	1	115	2	0	1	12	11	1	0	13	8691
1.151	1	0	0	1	115	3	0	1	12	15	1	0	13	8691
1.152	1	0	0	1	115	4	0	1	12	14	1	0	13	8691
1.153	1	0	0	1	115	5	0	1	12	13	1	0	13	8691
1.154	1	0	0	1	115	6	0	1	12	12	1	0	13	8691
1.155	1	0	0	1	115	7	0	1	12	11	1	0	13	8691
1.156	1	0	0	1	115	8	0	1	12	15	1	0	13	8691
1.157	1	0	0	1	115	9	0	1	12	14	1	0	13	8691
1.158	1	0	0	1	116	0	0	1	12	13	1	0	13	8691
1.159	1	0	0	1	116	1	0	1	12	12	1	0	13	8691
1.16	1	0	0	1	116	2	0	1	12	11	1	0	13	8691
1.161	1	0	0	1	116	3	0	1	12	15	1	0	13	8691
1.162	1	0	0	1	116	4	0	1	12	14	1	0	13	8691
1.163	1	0	0	1	116	5	0	1	12	13	1	0	13	8691
1.164	1	0	0	1	116	6	0	1	12	12	1	0	13	8691
1.165	1	0	0	1	116	7	0	1	12	11	1	0	13	8691
1.166	1	0	0	1	116	8	0	1	12	15	1	0	13	8691
1.167	1	0	0	1	116	9	0	1	12	14	1	0	13	8691
1.168	1	0	0	1	117	0	0	1	11	13	1	0	13	7968
1.169	1	0	0	1	117	1	0	1	12	12	1	0	13	8691
1.17	1	0	0	1	117	2	0	1	12	11	1	0	13	8691
1.171	1	0	0	1	117	3	0	1	12	15	1	0	13	8691
1.172	1	0	0	1	117	4	0	1	12	14	1	0	13	8691
1.173	1	0	0	1	117	5	0	1	12	13	1	0	13	8691
1.174	1	0	0	1	117	6	0	1	12	12	1	0	13	8691
1.175	1	0	0	1	117	7	0	1	12	11	1	0	13	8691
1.176	1	0	0	1	117	8	0	1	12	15	1	0	13	8691
1.177	1	0	0	1	117	9	0	1	12	14	1	0	13	8691
1.178	1	0	0	1	118	0	0	1	12	13	1	0	13	8691
1.179	1	0	0	1	118	1	0	1	12	12	1	0	13	8691
1.18	1	0	0	1	118	2	0	1	12	11	1	0	13	8691
1.181	1	0	0	1	118	3	0	1	12	15	1	0	13	8691
1.182	1	0	0	1	118	4	0	1	12	14	1	0	13	8691
1.183	1	0	0	1	118	5	0	1	12	13	1	0	13	8691
1.184	1	0	0	1	118	6	0	1	12	12	1	0	13	8691
1.185	1	0	0	1	118	7	0	1	12	11	1	0	13	8691
1.186	1	0	0	1	118	8	0	1	12	15	1	0	13	8691
1.187	1	0	0	1	118	9	0	1	12	14	1	0	13	8691
1.188	1	0	0	1	119	0	0	1	12	13	1	0	13	8691
1.189	1	0	0	1	119	1	0	1	12	12	1	0	13	8691
1.19	1	0	0	1	119	2	0	1	12	11	1	0	13	8691
1.191	1	0	0	1	119	3	0	1	12	15	1	0	13	8691
1.192	1	0	0	1	119	4	0	1	12	14	1	0	13	8691
1.193	1	0	0	1	119	5	0	1	12	13	1	0	13	8691
1.194	1	0	0	1	119	6	0	1	12	12	1	0	13	8691
1.195	1	0	0	1	119	7	0	1	12	11	1	0	13	8691
1.196	1	0	0	1	119	8	0	1	12	15	1	0	13	8691
1.197	1	0	0	1	119	9	0	1	12	14	1	0	13	8691
1.198	1	0	0	1	120	0	0	1	12	13	1	0	13	8691
1.199	1	0	0	1	120	1	0	1	12	12	1	0	13	8691
1.2	1	0	0	1	120	2	0	1	12	11	1	0	13	8691
1.201	1	0	0	1	120	3	0	1	12	15	1	0	13	8691
1.202	1	0	0	1	120	4	0	1	12	14	1	0	13	8691
1.203	1	0	0	1	120	5	0	1	12	13	1	0	13	8691
1.204	1	0	0	1	120	6	0	1	12	12	1	0	13	8691
1.205	1	0	0	1	120	7	0	1	12	11	1	0	13	8691
1.206	1	0	0	1	120	8	0	1	12	15	1	0	13	8691
1.207	1	0	0	1	120	9	0	1	12	14	1	0	13	8691
1.208	1	0	0	1	121	0	0	1	12	13	1	0	13	8691
1.209	1	0	0	1	121	1	0	1	12	12	1	0	13	8691
1.21	1	0	0	1	121	2	0	1	12	11	1	0	13	8691
1.211	1	0	0	1	121	3	0	1	12	15	1	0	13	8691
1.212	1	0	0	1	121	4	0	1	12	14	1	0	13	8691
1.213	1	0	0	1	121	5	0	1	12	13	1	0	13	8691
1.214	1	0	0	1	121	6	0	1	12	12	1	0	13	8691
1.215	1	0	0	1	121	7	0	1	12	11	1	0	13	8691
1.216	1	0	0	1	121	8	0	1	12	15	1	0	13	8691
1.217	1	0	0	1	121	9	0	1	12	14	1	0	13	8691
1.218	1	0	0	1	122	0	0	1	12	13	1	0	13	8691
1.219	1	0	0	1	122	1	0	1	12	12	1	0	13	8691
1.22	1	0	0	1	122	2	0	1	12	11	1	0	13	8691
1.221	1	0	0	1	122	3	0	1	12	15	1	0	13	8691
1.222	1	0	0	1	122	4	0	1	12	14	1	0	13	8691
1.223	1	0	0	1	122	5	0	1	12	13	1	0	13	8691
1.224	1	0	0	1	122	6	0	1	12	12	1	0	13	8691
1.225	1	0	0	1	122	7	0	1	12	11	1	0	13	8691
1.226	1	0	0	1	122	8	0	1	12	15	1	0	13	8691
1.227	1	0	0	1	122	9	0	1	12	14	1	0	13	8691
1.228	1	0	0	1	123	0	0	1	12	13	1	0	13	8691
1.229	1	0	0	1	123	1	0	1	12	12	1	0	13	8691
1.23	1	0	0	1	123	2	0	1	12	11	1	0	13	8691
1.231	1	0	0	1	123	3	0	1	12	15	1	0	13	8691
1.232	1	0	0	1	123	4	0	1	12	14	1	0	13	8691
1.233	1	0	0	1	123	5	0	1	12	13	1	0	13	8691
1.234	1	0	0	1	123	6	0	1	12	12	1	0	13	8691
1.235	1	0	0	1	123	7	0	1	12	11	1	0	13	8691
1.236	1	0	0	1	123	8	0	1	12	15	1	0	13	8691
1.237	1	0	0	1	123	9	0	1	12	14	1	0	13	8691
1.238	1	0	0	1	124	0	0	1	12	13	1	0	13	8691
1.239	1	0	0	1	124	1	0	1	12	12	1	0	13	8691
1.24	1	0	0	1	124	2	0	1	12	11	1	0	13	8691
1.241	1	0	0	1	124	3	0	1	12	15	1	0	13	8691
1.242	1	0	0	1	124	4	0	1	12	14	1	0	13	8691
1.243	1	0	0	1	124	5	0	1	12	13	1	0	13	8691
1.244	1	0	0	1	124	6	0	1	12	12	1	0	13	8691
1.245	1	0	0	1	124	7	0	1	12	11	1	0	13	8691
1.246	1	0	0	1	124	8	0	1	12	15	1	0	13	8691
1.247	1	0	0	1	124	9	0	1	12	14	1	0	13	8691
1.248	1	0	0	1	125	0	0	1	11	13	1	0	13	7968
1.249	1	0	0	1	125	1	0	1	12	12	1	0	13	8691
1.25	1	0	0	1	125	2	0	1	12	11	1	0	13	8691
1.251	1	0	0	1	125	3	0	1	12	15	1	0	13	8691
1.252	1	0	0	1	125	4	0	1	12	14	1	0	13	8691
1.253	1	0	0	1	125	5	0	1	12	13	1	0	13	8691
1.254	1	0	0	1	125	6	0	1	12	12	1	0	13	8691
1.255	1	0	0	1	125	7	0	1	12	11	1	0	13	8691
1.256	1	0	0	1	125	8	0	1	12	15	1	0	13	8691
1.257	1	0	0	1	125	9	0	1	12	14	1	0	13	8691
1.258	1	0	0	1	126	0	0	1	12	13	1	0	13	8691
1.259	1	0	0	1	126	1	0	1	12	12	1	0	13	8691
1.26	1	0	0	1	126	2	0	1	12	11	1	0	13	8691
1.261	1	0	0	1	126	3	0	1	12	15	1	0	13	8691
1.262	1	0	0	1	126	4	0	1	12	14	1	0	13	8691
1.263	1	0	0	1	126	5	0	1	12	13	1	0	13	8691
1.264	1	0	0	1	126	6	0	1	12	12	1	0	13	8691
1.265	1	0	0	1	126	7	0	1	12	11	1	0	13	8691
1.266	1	0	0	1	126	8	0	1	12	15	1	0	13	8691
1.267	1	0	0	1	126	9	0	1	12	14	1	0	13	8691
1.268	1	0	0	1	127	0	0	1	12	13	1	0	13	8691
1.269	1	0	0	1	127	1	0	1	12	12	1	0	13	8691
1.27	1	0	0	1	127	2	0	1	12	11	1	0	13	8691
1.271	1	0	0	1	127	3	0	1	12	15	1	0	13	8691
1.272	1	0	0	1	127	4	0	1	12	14	1	0	13	8691
1.273	1	0	0	1	127	5	0	1	12	13	1	0	13	8691
1.274	1	0	0	1	127	6	0	1	12	12	1	0	13	8691
1.275	1	0	0	1	127	7	0	1	12	11	1	0	13	8691
1.276	1	0	0	1	127	8	0	1	12	15	1	0	13	8691
1.277	1	0	0	1	127	9	0	1	12	14	1	0	13	8691
1.278	1	0	0	1	128	0	0	1	12	13	1	0	13	8691
1.279	1	0	0	1	128	1	0	1	12	12	1	0	13	8691
1.28	1	0	0	1	128	2	0	1	12	11	1	0	13	8691
1.281	1	0	0	1	128	3	0	1	12	15	1	0	13	8691
1.282	1	0	0	1	128	4	0	1	12	14	1	0	13	8691
1.283	1	0	0	1	128	5	0	1	12	13	1	0	13	8691
1.284	1	0	0	1	128	6	0	1	12	12	1	0	13	8691
1.285	1	0	0	1	128	7	0	1	12	11	1	0	13	8691
1.286	1	0	0	1	128	8	0	1	12	15	1	0	13	8691
1.287	1	0	0	1	128	9	0	1	12	14	1	0	13	8691
1.288	1	0	0	1	129	0	0	1	12	13	1	0	13	8691
1.289	1	0	0	1	129	1	0	1	12	12	1	0	13	8691
1.29	1	0	0	1	129	2	0	1	12	11	1	0	13	8691
1.291	1	0	0	1	129	3	0	1	12	15	1	0	13	8691
1.292	1	0	0	1	129	4	0	1	12	14	1	0	13	8691
1.293	1	0	0	1	129	5	0	1	12	13	1	0	13	8691
1.294	1	0	0	1	129	6	0	1	12	12	1	0	13	8691
1.295	1	0	0	1	129	7	0	1	12	11	1	0	13	8691
1.296	1	0	0	1	129	8	0	1	12	15	1	0	13	8691
1.297	1	0	0	1	129	9	0	1	12	14	1	0	13	8691
1.298	1	0	0	1	130	0	0	1	12	13	1	0	13	8691
1.299	1	0	0	1	130	1	0	1	12	12	1	0	13	8691
1.3	1	0	0	1	130	2	0	1	12	11	1	0	13	8691
1.301	1	0	0	1	130	3	0	1	12	15	1	0	13	8691
1.302	1	0	0	1	130	4	0	1	12	14	1	0	13	8691
1.303	1	0	0	1	130	5	0	1	12	13	1	0	13	8691
1.304	1	0	0	1	130	6	0	1	12	12	1	0	13	8691
1.305	1	0	0	1	130	7	0	1	12	11	1	0	13	8691
1.306	1	0	0	1	130	8	0	1	12	15	1	0	13	8691
1.307	1	0	0	1	130	9	0	1	12	14	1	0	13	8691
1.308	1	0	0	1	131	0	0	1	12	13	1	0	13	8691
1.309	1	0	0	1	131	1	0	1	12	12	1	0	13	8691
1.31	1	0	0	1	131	2	0	1	12	11	1	0	13	8691
1.311	1	0	0	1	131	3	0	1	12	15	1	0	13	8691
1.312	1	0	0	1	131	4	0	1	12	14	1	0	13	8691
1.313	1	0	0	1	131	5	0	1	12	13	1	0	13	8691
1.314	1	0	0	1	131	6	0	1	12	12	1	0	13	8691
1.315	1	0	0	1	131	7	0	1	12	11	1	0	13	8691
1.316	1	0	0	1	131	8	0	1	12	15	1	0	13	8691
1.317	1	0	0	1	131	9	0	1	12	14	1	0	13	8691
1.318	1	0	0	1	132	0	0	1	12	13	1	0	13	8691
1.319	1	0	0	1	132	1	0	1	12	12	1	0	13	8691
1.32	1	0	0	1	132	2	0	1	12	11	1	0	13	8691
1.321	1	0	0	1	132	3	0	1	12	15	1	0	13	8691
1.322	1	0	0	1	132	4	0	1	12	14	1	0	13	8691
1.323	1	0	0	1	132	5	0	1	12	13	1	0	13	8691
1.324	1	0	0	1	132	6	0	1	12	12	1	0	13	8691
1.325	1	0	0	1	132	7	0	1	12	11	1	0	13	8691
1.326	1	0	0	1	132	8	0	1	12	15	1	0	13	8691
1.327	1	0	0	1	132	9	0	1	12	14	1	0	13	8691
1.328	1	0	0	1	133	0	0	1	11	13	1	0	13	7968
1.329	1	0	0	1	133	1	0	1	12	12	1	0	13	8691
1.33	1	0	0	1	133	2	0	1	12	11	1	0	13	8691
1.331	1	0	0	1	133	3	0	1	12	15	1	0	13	8691
1.332	1	0	0	1	133	4	0	1	12	14	1	0	13	8691
1.333	1	0	0	1	133	5	0	1	12	13	1	0	13	8691
1.334	1	0	0	1	133	6	0	1	12	12	1	0	13	8691
1.335	1	0	0	1	133	7	0	1	12	11	1	0	13	8691
1.336	1	0	0	1	133	8	0	1	12	15	1	0	13	8691
1.337	1	0	0	1	133	9	0	1	12	14	1	0	13	8691
1.338	1	0	0	1	134	0	0	1	12	13	1	0	13	8691
1.339	1	0	0	1	134	1	0	1	12	12	1	0	13	8691
1.34	1	0	0	1	134	2	0	1	12	11	1	0	13	8691
1.341	1	0	0	1	134	3	0	1	12	15	1	0	13	8691
1.342	1	0	0	1	134	4	0	1	12	14	1	0	13	8691
1.343	1	0	0	1	134	5	0	1	12	13	1	0	13	8691
1.344	1	0	0	1	134	6	0	1	12	12	1	0	13	8691
1.345	1	0	0	1	134	7	0	1	12	11	1	0	13	8691
1.346	1	0	0	1	134	8	0	1	12	15	1	0	13	8691
1.347	1	0	0	1	134	9	0	1	12	14	1	0	13	8691
1.348	1	0	0	1	135	0	0	1	12	13	1	0	13	8691
1.349	1	0	0	1	135	1	0	1	12	12	1	0	13	8691
1.35	1	0	0	1	135	2	0	1	12	11	1	0	13	8691
1.351	1	0	0	1	135	3	0	1	12	15	1	0	13	8691
1.352	1	0	0	1	135	4	0	1	12	14	1	0	13	8691
1.353	1	0	0	1	135	5	0	1	12	13	1	0	13	8691
1.354	1	0	0	1	135	6	0	1	12	12	1	0	13	8691
1.355	1	0	0	1	135	7	0	1	12	11	1	0	13	8691
1.356	1	0	0	1	135	8	0	1	12	15	1	0	13	8691
1.357	1	0	0	1	135	9	0	1	12	14	1	0	13	8691
1.358	1	0	0	1	136	0	0	1	12	13	1	0	13	8691
1.359	1	0	0	1	136	1	0	1	12	12	1	0	13	8691
1.36	1	0	0	1	136	2	0	1	12	11	1	0	13	8691
1.361	1	0	0	1	136	3	0	1	12	15	1	0	13	8691
1.362	1	0	0	1	136	4	0	1	12	14	1	0	13	8691
1.363	1	0	0	1	136	5	0	1	12	13	1	0	13	8691
1.364	1	0	0	1	136	6	0	1	12	12	1	0	13	8691
1.365	1	0	0	1	136	7	0	1	12	11	1	0	13	8691
1.366	1	0	0	1	136	8	0	1	12	15	1	0	13	8691
1.367	1	0	0	1	136	9	0	1	12	14	1	0	13	8691
1.368	1	0	0	1	137	0	0	1	12	13	1	0	13	8691
1.369	1	0	0	1	137	1	0	1	12	12	1	0	13	8691
1.37	1	0	0	1	137	2	0	1	12	11	1	0	13	8691
1.371	1	0	0	1	137	3	0	1	12	15	1	0	13	8691
1.372	1	0	0	1	137	4	0	1	12	14	1	0	13	8691
1.373	1	0	0	1	137	5	0	1	12	13	1	0	13	8691
1.374	1	0	0	1	137	6	0	1	12	12	1	0	13	8691
1.375	1	0	0	1	137	7	0	1	12	11	1	0	13	8691
1.376	1	0	0	1	137	8	0	1	12	15	1	0	13	8691
1.377	1	0	0	1	137	9	0	1	12	14	1	0	13	8691
1.378	1	0	0	1	138	0	0	1	12	13	1	0	13	8691
1.379	1	0	0	1	138	1	0	1	12	12	1	0	13	8691
1.38	1	0	0	1	138	2	0	1	12	11	1	0	13	8691
1.381	1	0	0	1	138	3	0	1	12	15	1	0	13	8691
1.382	1	0	0	1	138	4	0	1	12	14	1	0	13	8691
1.383	1	0	0	1	138	5	0	1	12	13	1	0	13	8691
1.384	1	0	0	1	138	6	0	1	12	12	1	0	13	8691
1.385	1	0	0	1	138	7	0	1	12	11	1	0	13	8691
1.386	1	0	0	1	138	8	0	1	12	15	1	0	13	8691
1.387	1	0	0	1	138	9	0	1	12	14	1	0	13	8691
1.388	1	0	0	1	139	0	0	1	12	13	1	0	13	8691
1.389	1	0	0	1	139	1	0	1	12	12	1	0	13	8691
1.39	1	0	0	1	139	2	0	1	12	11	1	0	13	8691
1.391	1	0	0	1	139	3	0	1	12	15	1	0	13	8691
1.392	1	0	0	1	139	4	0	1	12	14	1	0	13	8691
1.393	1	0	0	1	139	5	0	1	12	13	1	0	13	8691
1.394	1	0	0	1	139	6	0	1	12	12	1	0	13	8691
1.395	1	0	0	1	139	7	0	1	12	11	1	0	13	8691
1.396	1	0	0	1	139	8	0	1	12	15	1	0	13	8691
1.397	1	0	0	1	139	9	0	1	12	14	1	0	13	8691
1.398	1	0	0	1	140	0	0	1	12	13	1	0	13	8691
1.399	1	0	0	1	140	1	0	1	12	12	1	0	13	8691
