Time	direction	frame	subF	slot	1stSym	nSymbol	cellId	bwpId	rnti	tbSize	mcs	rank	rv	SINR(dB)	CQI	corrupt	TBler
0.403929	DL	40	3	0	1	12	1	0	1	201	0	1	0	57.5113	15	0	0
0.404929	DL	40	4	0	1	12	1	0	1	201	0	1	0	57.5113	15	0	0
0.405929	DL	40	5	0	1	12	1	0	1	201	0	1	0	57.5113	15	0	0
0.406929	DL	40	6	0	1	12	1	0	1	201	0	1	0	57.5113	15	0	0
0.407929	DL	40	7	0	1	12	1	0	1	201	0	1	0	57.5113	15	0	0
0.408929	DL	40	8	0	1	12	1	0	1	201	0	1	0	57.5113	15	0	0
0.409929	DL	40	9	0	1	12	1	0	1	8691	13	3	0	55.8137	15	0	0
0.410929	DL	41	0	0	1	12	1	0	1	8691	13	3	0	55.8137	15	0	0
0.411929	DL	41	1	0	1	12	1	0	1	8691	13	3	0	55.8137	15	0	0
0.412929	DL	41	2	0	1	12	1	0	1	8691	13	3	0	55.8137	15	0	0
0.413929	DL	41	3	0	1	12	1	0	1	8691	13	3	0	55.8137	15	0	0
0.414929	DL	41	4	0	1	12	1	0	1	8691	13	3	0	55.8137	15	0	0
0.415929	DL	41	5	0	1	12	1	0	1	8691	13	3	0	55.8137	15	0	0
0.416929	DL	41	6	0	1	12	1	0	1	8691	13	3	0	55.8137	15	0	0
0.417929	DL	41	7	0	1	12	1	0	1	8691	13	3	0	55.8137	15	0	0
0.418929	DL	41	8	0	1	12	1	0	1	8691	13	3	0	55.8137	15	0	0
0.419929	DL	41	9	0	1	12	1	0	1	8691	13	3	0	55.8137	15	0	0
0.420929	DL	42	0	0	1	12	1	0	1	8691	13	3	0	55.8137	15	0	0
0.421929	DL	42	1	0	1	12	1	0	1	8691	13	3	0	55.8137	15	0	0
0.422929	DL	42	2	0	1	12	1	0	1	8691	13	3	0	55.8137	15	0	0
0.423929	DL	42	3	0	1	12	1	0	1	8691	13	3	0	55.8137	15	0	0
0.424929	DL	42	4	0	1	12	1	0	1	8691	13	3	0	55.8137	15	0	0
0.425929	DL	42	5	0	1	12	1	0	1	8691	13	3	0	55.8137	15	0	0
0.426929	DL	42	6	0	1	12	1	0	1	8691	13	3	0	55.8137	15	0	0
0.427929	DL	42	7	0	1	12	1	0	1	8691	13	3	0	55.8137	15	0	0
0.428929	DL	42	8	0	1	12	1	0	1	8691	13	3	0	55.8137	15	0	0
0.429929	DL	42	9	0	1	12	1	0	1	8691	13	3	0	55.8137	15	0	0
0.430929	DL	43	0	0	1	12	1	0	1	8691	13	3	0	55.8137	15	0	0
0.431929	DL	43	1	0	1	12	1	0	1	8691	13	3	0	55.8137	15	0	0
0.432929	DL	43	2	0	1	12	1	0	1	8691	13	3	0	55.8137	15	0	0
0.433929	DL	43	3	0	1	12	1	0	1	8691	13	3	0	55.8137	15	0	0
0.434929	DL	43	4	0	1	12	1	0	1	8691	13	3	0	55.8137	15	0	0
0.435929	DL	43	5	0	1	12	1	0	1	8691	13	3	0	55.8137	15	0	0
0.436929	DL	43	6	0	1	12	1	0	1	8691	13	3	0	55.8137	15	0	0
0.437929	DL	43	7	0	1	12	1	0	1	8691	13	3	0	55.8137	15	0	0
0.438929	DL	43	8	0	1	12	1	0	1	8691	13	3	0	55.8137	15	0	0
0.439929	DL	43	9	0	1	12	1	0	1	8691	13	3	0	55.8137	15	0	0
0.440929	DL	44	0	0	1	12	1	0	1	8691	13	3	0	55.8137	15	0	0
0.441929	DL	44	1	0	1	12	1	0	1	8691	13	3	0	55.8137	15	0	0
0.442929	DL	44	2	0	1	12	1	0	1	8691	13	3	0	55.8137	15	0	0
0.443929	DL	44	3	0	1	12	1	0	1	8691	13	3	0	55.8137	15	0	0
0.444929	DL	44	4	0	1	12	1	0	1	8691	13	3	0	55.8137	15	0	0
0.445929	DL	44	5	0	1	12	1	0	1	8691	13	3	0	55.8137	15	0	0
0.446929	DL	44	6	0	1	12	1	0	1	8691	13	3	0	55.8137	15	0	0
0.447929	DL	44	7	0	1	12	1	0	1	8691	13	3	0	55.8137	15	0	0
0.448929	DL	44	8	0	1	12	1	0	1	8691	13	3	0	55.8137	15	0	0
0.449929	DL	44	9	0	1	12	1	0	1	8691	13	3	0	55.8137	15	0	0
0.450857	DL	45	0	0	1	11	1	0	1	7968	13	3	0	55.8137	15	0	0
0.451929	DL	45	1	0	1	12	1	0	1	8691	13	3	0	55.8137	15	0	0
0.452929	DL	45	2	0	1	12	1	0	1	8691	13	3	0	55.8137	15	0	0
0.453929	DL	45	3	0	1	12	1	0	1	8691	13	3	0	55.8137	15	0	0
0.454929	DL	45	4	0	1	12	1	0	1	8691	13	3	0	55.8137	15	0	0
0.455929	DL	45	5	0	1	12	1	0	1	8691	13	3	0	55.8137	15	0	0
0.456929	DL	45	6	0	1	12	1	0	1	8691	13	3	0	55.8137	15	0	0
0.457929	DL	45	7	0	1	12	1	0	1	8691	13	3	0	55.8137	15	0	0
0.458929	DL	45	8	0	1	12	1	0	1	8691	13	3	0	55.8137	15	0	0
0.459929	DL	45	9	0	1	12	1	0	1	8691	13	3	0	55.8137	15	0	0
0.460929	DL	46	0	0	1	12	1	0	1	8691	13	3	0	55.8137	15	0	0
0.461929	DL	46	1	0	1	12	1	0	1	8691	13	3	0	55.8137	15	0	0
0.462929	DL	46	2	0	1	12	1	0	1	8691	13	3	0	55.8137	15	0	0
0.463929	DL	46	3	0	1	12	1	0	1	8691	13	3	0	55.8137	15	0	0
0.464929	DL	46	4	0	1	12	1	0	1	8691	13	3	0	55.8137	15	0	0
0.465929	DL	46	5	0	1	12	1	0	1	8691	13	3	0	55.8137	15	0	0
0.466929	DL	46	6	0	1	12	1	0	1	8691	13	3	0	55.8137	15	0	0
0.467929	DL	46	7	0	1	12	1	0	1	8691	13	3	0	55.8137	15	0	0
0.468929	DL	46	8	0	1	12	1	0	1	8691	13	3	0	55.8137	15	0	0
0.469929	DL	46	9	0	1	12	1	0	1	8691	13	3	0	55.8137	15	0	0
0.470929	DL	47	0	0	1	12	1	0	1	8691	13	3	0	55.8137	15	0	0
0.471929	DL	47	1	0	1	12	1	0	1	8691	13	3	0	55.8137	15	0	0
0.472929	DL	47	2	0	1	12	1	0	1	8691	13	3	0	55.8137	15	0	0
0.473929	DL	47	3	0	1	12	1	0	1	8691	13	3	0	55.8137	15	0	0
0.474929	DL	47	4	0	1	12	1	0	1	8691	13	3	0	55.8137	15	0	0
0.475929	DL	47	5	0	1	12	1	0	1	8691	13	3	0	55.8137	15	0	0
0.476929	DL	47	6	0	1	12	1	0	1	8691	13	3	0	55.8137	15	0	0
0.477929	DL	47	7	0	1	12	1	0	1	8691	13	3	0	55.8137	15	0	0
0.478929	DL	47	8	0	1	12	1	0	1	8691	13	3	0	55.8137	15	0	0
0.479929	DL	47	9	0	1	12	1	0	1	8691	13	3	0	55.8137	15	0	0
0.480929	DL	48	0	0	1	12	1	0	1	8691	13	3	0	55.8137	15	0	0
0.481929	DL	48	1	0	1	12	1	0	1	8691	13	3	0	55.8137	15	0	0
0.482929	DL	48	2	0	1	12	1	0	1	8691	13	3	0	55.8137	15	0	0
0.483929	DL	48	3	0	1	12	1	0	1	8691	13	3	0	55.8137	15	0	0
0.484929	DL	48	4	0	1	12	1	0	1	8691	13	3	0	55.8137	15	0	0
0.485929	DL	48	5	0	1	12	1	0	1	8691	13	3	0	55.8137	15	0	0
0.486929	DL	48	6	0	1	12	1	0	1	8691	13	3	0	55.8137	15	0	0
0.487929	DL	48	7	0	1	12	1	0	1	8691	13	3	0	55.8137	15	0	0
0.488929	DL	48	8	0	1	12	1	0	1	8691	13	3	0	55.8137	15	0	0
0.489929	DL	48	9	0	1	12	1	0	1	8691	13	3	0	55.8137	15	0	0
0.490929	DL	49	0	0	1	12	1	0	1	8691	13	3	0	55.8137	15	0	0
0.491929	DL	49	1	0	1	12	1	0	1	8691	13	3	0	55.8137	15	0	0
0.492929	DL	49	2	0	1	12	1	0	1	8691	13	3	0	55.8137	15	0	0
0.493929	DL	49	3	0	1	12	1	0	1	8691	13	3	0	55.8137	15	0	0
0.494929	DL	49	4	0	1	12	1	0	1	8691	13	3	0	55.8137	15	0	0
0.495929	DL	49	5	0	1	12	1	0	1	8691	13	3	0	55.8137	15	0	0
0.496929	DL	49	6	0	1	12	1	0	1	8691	13	3	0	55.8137	15	0	0
0.497929	DL	49	7	0	1	12	1	0	1	8691	13	3	0	55.8137	15	0	0
0.498929	DL	49	8	0	1	12	1	0	1	8691	13	3	0	55.8137	15	0	0
0.499929	DL	49	9	0	1	12	1	0	1	8691	13	3	0	55.8137	15	0	0
0.500929	DL	50	0	0	1	12	1	0	1	8691	13	3	0	55.8137	15	0	0
0.501929	DL	50	1	0	1	12	1	0	1	8691	13	3	0	55.8137	15	0	0
0.502929	DL	50	2	0	1	12	1	0	1	8691	13	3	0	55.8137	15	0	0
0.503929	DL	50	3	0	1	12	1	0	1	8691	13	3	0	55.8137	15	0	0
0.504929	DL	50	4	0	1	12	1	0	1	8691	13	3	0	55.8137	15	0	0
0.505929	DL	50	5	0	1	12	1	0	1	8691	13	3	0	55.8137	15	0	0
0.506929	DL	50	6	0	1	12	1	0	1	8691	13	3	0	55.8137	15	0	0
0.507929	DL	50	7	0	1	12	1	0	1	8691	13	3	0	55.8137	15	0	0
0.508929	DL	50	8	0	1	12	1	0	1	8691	13	3	0	55.8137	15	0	0
0.509929	DL	50	9	0	1	12	1	0	1	8691	13	3	0	55.8137	15	0	0
0.510929	DL	51	0	0	1	12	1	0	1	8691	13	3	0	55.8137	15	0	0
0.511929	DL	51	1	0	1	12	1	0	1	8691	13	3	0	55.8137	15	0	0
0.512929	DL	51	2	0	1	12	1	0	1	8691	13	3	0	55.8137	15	0	0
0.513929	DL	51	3	0	1	12	1	0	1	8691	13	3	0	55.8137	15	0	0
0.514929	DL	51	4	0	1	12	1	0	1	8691	13	3	0	55.8137	15	0	0
0.515929	DL	51	5	0	1	12	1	0	1	8691	13	3	0	55.8137	15	0	0
0.516929	DL	51	6	0	1	12	1	0	1	8691	13	3	0	55.8137	15	0	0
0.517929	DL	51	7	0	1	12	1	0	1	8691	13	3	0	55.8137	15	0	0
0.518929	DL	51	8	0	1	12	1	0	1	8691	13	3	0	55.8137	15	0	0
0.519929	DL	51	9	0	1	12	1	0	1	8691	13	3	0	55.8137	15	0	0
0.520929	DL	52	0	0	1	12	1	0	1	8691	13	3	0	55.8137	15	0	0
0.521929	DL	52	1	0	1	12	1	0	1	8691	13	3	0	55.8137	15	0	0
0.522929	DL	52	2	0	1	12	1	0	1	8691	13	3	0	55.8137	15	0	0
0.523929	DL	52	3	0	1	12	1	0	1	8691	13	3	0	55.8137	15	0	0
0.524929	DL	52	4	0	1	12	1	0	1	8691	13	3	0	55.8137	15	0	0
0.525929	DL	52	5	0	1	12	1	0	1	8691	13	3	0	55.8137	15	0	0
0.526929	DL	52	6	0	1	12	1	0	1	8691	13	3	0	55.8137	15	0	0
0.527929	DL	52	7	0	1	12	1	0	1	8691	13	3	0	55.8137	15	0	0
0.528929	DL	52	8	0	1	12	1	0	1	8691	13	3	0	55.8137	15	0	0
0.529929	DL	52	9	0	1	12	1	0	1	8691	13	3	0	55.8137	15	0	0
0.530857	DL	53	0	0	1	11	1	0	1	7968	13	3	0	55.8137	15	0	0
0.531929	DL	53	1	0	1	12	1	0	1	8691	13	3	0	55.8137	15	0	0
0.532929	DL	53	2	0	1	12	1	0	1	8691	13	3	0	55.8137	15	0	0
0.533929	DL	53	3	0	1	12	1	0	1	8691	13	3	0	55.8137	15	0	0
0.534929	DL	53	4	0	1	12	1	0	1	8691	13	3	0	55.8137	15	0	0
0.535929	DL	53	5	0	1	12	1	0	1	8691	13	3	0	55.8137	15	0	0
0.536929	DL	53	6	0	1	12	1	0	1	8691	13	3	0	55.8137	15	0	0
0.537929	DL	53	7	0	1	12	1	0	1	8691	13	3	0	55.8137	15	0	0
0.538929	DL	53	8	0	1	12	1	0	1	8691	13	3	0	55.8137	15	0	0
0.539929	DL	53	9	0	1	12	1	0	1	8691	13	3	0	55.8137	15	0	0
0.540929	DL	54	0	0	1	12	1	0	1	8691	13	3	0	55.8137	15	0	0
0.541929	DL	54	1	0	1	12	1	0	1	8691	13	3	0	55.8137	15	0	0
0.542929	DL	54	2	0	1	12	1	0	1	8691	13	3	0	55.8137	15	0	0
0.543929	DL	54	3	0	1	12	1	0	1	8691	13	3	0	55.8137	15	0	0
0.544929	DL	54	4	0	1	12	1	0	1	8691	13	3	0	55.8137	15	0	0
0.545929	DL	54	5	0	1	12	1	0	1	8691	13	3	0	55.8137	15	0	0
0.546929	DL	54	6	0	1	12	1	0	1	8691	13	3	0	55.8137	15	0	0
0.547929	DL	54	7	0	1	12	1	0	1	8691	13	3	0	55.8137	15	0	0
0.548929	DL	54	8	0	1	12	1	0	1	8691	13	3	0	55.8137	15	0	0
0.549929	DL	54	9	0	1	12	1	0	1	8691	13	3	0	55.8137	15	0	0
0.550929	DL	55	0	0	1	12	1	0	1	8691	13	3	0	55.8137	15	0	0
0.551929	DL	55	1	0	1	12	1	0	1	8691	13	3	0	55.8137	15	0	0
0.552929	DL	55	2	0	1	12	1	0	1	8691	13	3	0	55.8137	15	0	0
0.553929	DL	55	3	0	1	12	1	0	1	8691	13	3	0	55.8137	15	0	0
0.554929	DL	55	4	0	1	12	1	0	1	8691	13	3	0	55.8137	15	0	0
0.555929	DL	55	5	0	1	12	1	0	1	8691	13	3	0	55.8137	15	0	0
0.556929	DL	55	6	0	1	12	1	0	1	8691	13	3	0	55.8137	15	0	0
0.557929	DL	55	7	0	1	12	1	0	1	8691	13	3	0	55.8137	15	0	0
0.558929	DL	55	8	0	1	12	1	0	1	8691	13	3	0	55.8137	15	0	0
0.559929	DL	55	9	0	1	12	1	0	1	8691	13	3	0	55.8137	15	0	0
0.560929	DL	56	0	0	1	12	1	0	1	8691	13	3	0	55.8137	15	0	0
0.561929	DL	56	1	0	1	12	1	0	1	8691	13	3	0	55.8137	15	0	0
0.562929	DL	56	2	0	1	12	1	0	1	8691	13	3	0	55.8137	15	0	0
0.563929	DL	56	3	0	1	12	1	0	1	8691	13	3	0	55.8137	15	0	0
0.564929	DL	56	4	0	1	12	1	0	1	8691	13	3	0	55.8137	15	0	0
0.565929	DL	56	5	0	1	12	1	0	1	8691	13	3	0	55.8137	15	0	0
0.566929	DL	56	6	0	1	12	1	0	1	8691	13	3	0	55.8137	15	0	0
0.567929	DL	56	7	0	1	12	1	0	1	8691	13	3	0	55.8137	15	0	0
0.568929	DL	56	8	0	1	12	1	0	1	8691	13	3	0	55.8137	15	0	0
0.569929	DL	56	9	0	1	12	1	0	1	8691	13	3	0	55.8137	15	0	0
0.570929	DL	57	0	0	1	12	1	0	1	8691	13	3	0	55.8137	15	0	0
0.571929	DL	57	1	0	1	12	1	0	1	8691	13	3	0	55.8137	15	0	0
0.572929	DL	57	2	0	1	12	1	0	1	8691	13	3	0	55.8137	15	0	0
0.573929	DL	57	3	0	1	12	1	0	1	8691	13	3	0	55.8137	15	0	0
0.574929	DL	57	4	0	1	12	1	0	1	8691	13	3	0	55.8137	15	0	0
0.575929	DL	57	5	0	1	12	1	0	1	8691	13	3	0	55.8137	15	0	0
0.576929	DL	57	6	0	1	12	1	0	1	8691	13	3	0	55.8137	15	0	0
0.577929	DL	57	7	0	1	12	1	0	1	8691	13	3	0	55.8137	15	0	0
0.578929	DL	57	8	0	1	12	1	0	1	8691	13	3	0	55.8137	15	0	0
0.579929	DL	57	9	0	1	12	1	0	1	8691	13	3	0	55.8137	15	0	0
0.580929	DL	58	0	0	1	12	1	0	1	8691	13	3	0	55.8137	15	0	0
0.581929	DL	58	1	0	1	12	1	0	1	8691	13	3	0	55.8137	15	0	0
0.582929	DL	58	2	0	1	12	1	0	1	8691	13	3	0	55.8137	15	0	0
0.583929	DL	58	3	0	1	12	1	0	1	8691	13	3	0	55.8137	15	0	0
0.584929	DL	58	4	0	1	12	1	0	1	8691	13	3	0	55.8137	15	0	0
0.585929	DL	58	5	0	1	12	1	0	1	8691	13	3	0	55.8137	15	0	0
0.586929	DL	58	6	0	1	12	1	0	1	8691	13	3	0	55.8137	15	0	0
0.587929	DL	58	7	0	1	12	1	0	1	8691	13	3	0	55.8137	15	0	0
0.588929	DL	58	8	0	1	12	1	0	1	8691	13	3	0	55.8137	15	0	0
0.589929	DL	58	9	0	1	12	1	0	1	8691	13	3	0	55.8137	15	0	0
0.590929	DL	59	0	0	1	12	1	0	1	8691	13	3	0	55.8137	15	0	0
0.591929	DL	59	1	0	1	12	1	0	1	8691	13	3	0	55.8137	15	0	0
0.592929	DL	59	2	0	1	12	1	0	1	8691	13	3	0	55.8137	15	0	0
0.593929	DL	59	3	0	1	12	1	0	1	8691	13	3	0	55.8137	15	0	0
0.594929	DL	59	4	0	1	12	1	0	1	8691	13	3	0	55.8137	15	0	0
0.595929	DL	59	5	0	1	12	1	0	1	8691	13	3	0	55.8137	15	0	0
0.596929	DL	59	6	0	1	12	1	0	1	8691	13	3	0	55.8137	15	0	0
0.597929	DL	59	7	0	1	12	1	0	1	8691	13	3	0	55.8137	15	0	0
0.598929	DL	59	8	0	1	12	1	0	1	8691	13	3	0	55.8137	15	0	0
0.599929	DL	59	9	0	1	12	1	0	1	8691	13	3	0	55.8137	15	0	0
0.600929	DL	60	0	0	1	12	1	0	1	8691	13	3	0	55.8137	15	0	0
0.601929	DL	60	1	0	1	12	1	0	1	8691	13	3	0	55.8137	15	0	0
0.602929	DL	60	2	0	1	12	1	0	1	8691	13	3	0	55.8137	15	0	0
0.603929	DL	60	3	0	1	12	1	0	1	8691	13	3	0	55.8137	15	0	0
0.604929	DL	60	4	0	1	12	1	0	1	8691	13	3	0	55.8137	15	0	0
0.605929	DL	60	5	0	1	12	1	0	1	8691	13	3	0	55.8137	15	0	0
0.606929	DL	60	6	0	1	12	1	0	1	8691	13	3	0	55.8137	15	0	0
0.607929	DL	60	7	0	1	12	1	0	1	8691	13	3	0	55.8137	15	0	0
0.608929	DL	60	8	0	1	12	1	0	1	8691	13	3	0	55.8137	15	0	0
0.609929	DL	60	9	0	1	12	1	0	1	8691	13	3	0	55.8137	15	0	0
0.610857	DL	61	0	0	1	11	1	0	1	7968	13	3	0	55.8137	15	0	0
0.611929	DL	61	1	0	1	12	1	0	1	8691	13	3	0	55.8137	15	0	0
0.612929	DL	61	2	0	1	12	1	0	1	8691	13	3	0	55.8137	15	0	0
0.613929	DL	61	3	0	1	12	1	0	1	8691	13	3	0	55.8137	15	0	0
0.614929	DL	61	4	0	1	12	1	0	1	8691	13	3	0	55.8137	15	0	0
0.615929	DL	61	5	0	1	12	1	0	1	8691	13	3	0	55.8137	15	0	0
0.616929	DL	61	6	0	1	12	1	0	1	8691	13	3	0	55.8137	15	0	0
0.617929	DL	61	7	0	1	12	1	0	1	8691	13	3	0	55.8137	15	0	0
0.618929	DL	61	8	0	1	12	1	0	1	8691	13	3	0	55.8137	15	0	0
0.619929	DL	61	9	0	1	12	1	0	1	8691	13	3	0	55.8137	15	0	0
0.620929	DL	62	0	0	1	12	1	0	1	8691	13	3	0	55.8137	15	0	0
0.621929	DL	62	1	0	1	12	1	0	1	8691	13	3	0	55.8137	15	0	0
0.622929	DL	62	2	0	1	12	1	0	1	8691	13	3	0	55.8137	15	0	0
0.623929	DL	62	3	0	1	12	1	0	1	8691	13	3	0	55.8137	15	0	0
0.624929	DL	62	4	0	1	12	1	0	1	8691	13	3	0	55.8137	15	0	0
0.625929	DL	62	5	0	1	12	1	0	1	8691	13	3	0	55.8137	15	0	0
0.626929	DL	62	6	0	1	12	1	0	1	8691	13	3	0	55.8137	15	0	0
0.627929	DL	62	7	0	1	12	1	0	1	8691	13	3	0	55.8137	15	0	0
0.628929	DL	62	8	0	1	12	1	0	1	8691	13	3	0	55.8137	15	0	0
0.629929	DL	62	9	0	1	12	1	0	1	8691	13	3	0	55.8137	15	0	0
0.630929	DL	63	0	0	1	12	1	0	1	8691	13	3	0	55.8137	15	0	0
0.631929	DL	63	1	0	1	12	1	0	1	8691	13	3	0	55.8137	15	0	0
0.632929	DL	63	2	0	1	12	1	0	1	8691	13	3	0	55.8137	15	0	0
0.633929	DL	63	3	0	1	12	1	0	1	8691	13	3	0	55.8137	15	0	0
0.634929	DL	63	4	0	1	12	1	0	1	8691	13	3	0	55.8137	15	0	0
0.635929	DL	63	5	0	1	12	1	0	1	8691	13	3	0	55.8137	15	0	0
0.636929	DL	63	6	0	1	12	1	0	1	8691	13	3	0	55.8137	15	0	0
0.637929	DL	63	7	0	1	12	1	0	1	8691	13	3	0	55.8137	15	0	0
0.638929	DL	63	8	0	1	12	1	0	1	8691	13	3	0	55.8137	15	0	0
0.639929	DL	63	9	0	1	12	1	0	1	8691	13	3	0	55.8137	15	0	0
0.640929	DL	64	0	0	1	12	1	0	1	8691	13	3	0	55.8137	15	0	0
0.641929	DL	64	1	0	1	12	1	0	1	8691	13	3	0	55.8137	15	0	0
0.642929	DL	64	2	0	1	12	1	0	1	8691	13	3	0	55.8137	15	0	0
0.643929	DL	64	3	0	1	12	1	0	1	8691	13	3	0	55.8137	15	0	0
0.644929	DL	64	4	0	1	12	1	0	1	8691	13	3	0	55.8137	15	0	0
0.645929	DL	64	5	0	1	12	1	0	1	8691	13	3	0	55.8137	15	0	0
0.646929	DL	64	6	0	1	12	1	0	1	8691	13	3	0	55.8137	15	0	0
0.647929	DL	64	7	0	1	12	1	0	1	8691	13	3	0	55.8137	15	0	0
0.648929	DL	64	8	0	1	12	1	0	1	8691	13	3	0	55.8137	15	0	0
0.649929	DL	64	9	0	1	12	1	0	1	8691	13	3	0	55.8137	15	0	0
0.650929	DL	65	0	0	1	12	1	0	1	8691	13	3	0	55.8137	15	0	0
0.651929	DL	65	1	0	1	12	1	0	1	8691	13	3	0	55.8137	15	0	0
0.652929	DL	65	2	0	1	12	1	0	1	8691	13	3	0	55.8137	15	0	0
0.653929	DL	65	3	0	1	12	1	0	1	8691	13	3	0	55.8137	15	0	0
0.654929	DL	65	4	0	1	12	1	0	1	8691	13	3	0	55.8137	15	0	0
0.655929	DL	65	5	0	1	12	1	0	1	8691	13	3	0	55.8137	15	0	0
0.656929	DL	65	6	0	1	12	1	0	1	8691	13	3	0	55.8137	15	0	0
0.657929	DL	65	7	0	1	12	1	0	1	8691	13	3	0	55.8137	15	0	0
0.658929	DL	65	8	0	1	12	1	0	1	8691	13	3	0	55.8137	15	0	0
0.659929	DL	65	9	0	1	12	1	0	1	8691	13	3	0	55.8137	15	0	0
0.660929	DL	66	0	0	1	12	1	0	1	8691	13	3	0	55.8137	15	0	0
0.661929	DL	66	1	0	1	12	1	0	1	8691	13	3	0	55.8137	15	0	0
0.662929	DL	66	2	0	1	12	1	0	1	8691	13	3	0	55.8137	15	0	0
0.663929	DL	66	3	0	1	12	1	0	1	8691	13	3	0	55.8137	15	0	0
0.664929	DL	66	4	0	1	12	1	0	1	8691	13	3	0	55.8137	15	0	0
0.665929	DL	66	5	0	1	12	1	0	1	8691	13	3	0	55.8137	15	0	0
0.666929	DL	66	6	0	1	12	1	0	1	8691	13	3	0	55.8137	15	0	0
0.667929	DL	66	7	0	1	12	1	0	1	8691	13	3	0	55.8137	15	0	0
0.668929	DL	66	8	0	1	12	1	0	1	8691	13	3	0	55.8137	15	0	0
0.669929	DL	66	9	0	1	12	1	0	1	8691	13	3	0	55.8137	15	0	0
0.670929	DL	67	0	0	1	12	1	0	1	8691	13	3	0	55.8137	15	0	0
0.671929	DL	67	1	0	1	12	1	0	1	8691	13	3	0	55.8137	15	0	0
0.672929	DL	67	2	0	1	12	1	0	1	8691	13	3	0	55.8137	15	0	0
0.673929	DL	67	3	0	1	12	1	0	1	8691	13	3	0	55.8137	15	0	0
0.674929	DL	67	4	0	1	12	1	0	1	8691	13	3	0	55.8137	15	0	0
0.675929	DL	67	5	0	1	12	1	0	1	8691	13	3	0	55.8137	15	0	0
0.676929	DL	67	6	0	1	12	1	0	1	8691	13	3	0	55.8137	15	0	0
0.677929	DL	67	7	0	1	12	1	0	1	8691	13	3	0	55.8137	15	0	0
0.678929	DL	67	8	0	1	12	1	0	1	8691	13	3	0	55.8137	15	0	0
0.679929	DL	67	9	0	1	12	1	0	1	8691	13	3	0	55.8137	15	0	0
0.680929	DL	68	0	0	1	12	1	0	1	8691	13	3	0	55.8137	15	0	0
0.681929	DL	68	1	0	1	12	1	0	1	8691	13	3	0	55.8137	15	0	0
0.682929	DL	68	2	0	1	12	1	0	1	8691	13	3	0	55.8137	15	0	0
0.683929	DL	68	3	0	1	12	1	0	1	8691	13	3	0	55.8137	15	0	0
0.684929	DL	68	4	0	1	12	1	0	1	8691	13	3	0	55.8137	15	0	0
0.685929	DL	68	5	0	1	12	1	0	1	8691	13	3	0	55.8137	15	0	0
0.686929	DL	68	6	0	1	12	1	0	1	8691	13	3	0	55.8137	15	0	0
0.687929	DL	68	7	0	1	12	1	0	1	8691	13	3	0	55.8137	15	0	0
0.688929	DL	68	8	0	1	12	1	0	1	8691	13	3	0	55.8137	15	0	0
0.689929	DL	68	9	0	1	12	1	0	1	8691	13	3	0	55.8137	15	0	0
0.690857	DL	69	0	0	1	11	1	0	1	7968	13	3	0	55.8137	15	0	0
0.691929	DL	69	1	0	1	12	1	0	1	8691	13	3	0	55.8137	15	0	0
0.692929	DL	69	2	0	1	12	1	0	1	8691	13	3	0	55.8137	15	0	0
0.693929	DL	69	3	0	1	12	1	0	1	8691	13	3	0	55.8137	15	0	0
0.694929	DL	69	4	0	1	12	1	0	1	8691	13	3	0	55.8137	15	0	0
0.695929	DL	69	5	0	1	12	1	0	1	8691	13	3	0	55.8137	15	0	0
0.696929	DL	69	6	0	1	12	1	0	1	8691	13	3	0	55.8137	15	0	0
0.697929	DL	69	7	0	1	12	1	0	1	8691	13	3	0	55.8137	15	0	0
0.698929	DL	69	8	0	1	12	1	0	1	8691	13	3	0	55.8137	15	0	0
0.699929	DL	69	9	0	1	12	1	0	1	8691	13	3	0	55.8137	15	0	0
0.700929	DL	70	0	0	1	12	1	0	1	8691	13	3	0	55.8137	15	0	0
0.701929	DL	70	1	0	1	12	1	0	1	8691	13	3	0	55.8137	15	0	0
0.702929	DL	70	2	0	1	12	1	0	1	8691	13	3	0	55.8137	15	0	0
0.703929	DL	70	3	0	1	12	1	0	1	8691	13	3	0	55.8137	15	0	0
0.704929	DL	70	4	0	1	12	1	0	1	8691	13	3	0	55.8137	15	0	0
0.705929	DL	70	5	0	1	12	1	0	1	8691	13	3	0	55.8137	15	0	0
0.706929	DL	70	6	0	1	12	1	0	1	8691	13	3	0	55.8137	15	0	0
0.707929	DL	70	7	0	1	12	1	0	1	8691	13	3	0	55.8137	15	0	0
0.708929	DL	70	8	0	1	12	1	0	1	8691	13	3	0	55.8137	15	0	0
0.709929	DL	70	9	0	1	12	1	0	1	8691	13	3	0	55.8137	15	0	0
0.710929	DL	71	0	0	1	12	1	0	1	8691	13	3	0	55.8137	15	0	0
0.711929	DL	71	1	0	1	12	1	0	1	8691	13	3	0	55.8137	15	0	0
0.712929	DL	71	2	0	1	12	1	0	1	8691	13	3	0	55.8137	15	0	0
0.713929	DL	71	3	0	1	12	1	0	1	8691	13	3	0	55.8137	15	0	0
0.714929	DL	71	4	0	1	12	1	0	1	8691	13	3	0	55.8137	15	0	0
0.715929	DL	71	5	0	1	12	1	0	1	8691	13	3	0	55.8137	15	0	0
0.716929	DL	71	6	0	1	12	1	0	1	8691	13	3	0	55.8137	15	0	0
0.717929	DL	71	7	0	1	12	1	0	1	8691	13	3	0	55.8137	15	0	0
0.718929	DL	71	8	0	1	12	1	0	1	8691	13	3	0	55.8137	15	0	0
0.719929	DL	71	9	0	1	12	1	0	1	8691	13	3	0	55.8137	15	0	0
0.720929	DL	72	0	0	1	12	1	0	1	8691	13	3	0	55.8137	15	0	0
0.721929	DL	72	1	0	1	12	1	0	1	8691	13	3	0	55.8137	15	0	0
0.722929	DL	72	2	0	1	12	1	0	1	8691	13	3	0	55.8137	15	0	0
0.723929	DL	72	3	0	1	12	1	0	1	8691	13	3	0	55.8137	15	0	0
0.724929	DL	72	4	0	1	12	1	0	1	8691	13	3	0	55.8137	15	0	0
0.725929	DL	72	5	0	1	12	1	0	1	8691	13	3	0	55.8137	15	0	0
0.726929	DL	72	6	0	1	12	1	0	1	8691	13	3	0	55.8137	15	0	0
0.727929	DL	72	7	0	1	12	1	0	1	8691	13	3	0	55.8137	15	0	0
0.728929	DL	72	8	0	1	12	1	0	1	8691	13	3	0	55.8137	15	0	0
0.729929	DL	72	9	0	1	12	1	0	1	8691	13	3	0	55.8137	15	0	0
0.730929	DL	73	0	0	1	12	1	0	1	8691	13	3	0	55.8137	15	0	0
0.731929	DL	73	1	0	1	12	1	0	1	8691	13	3	0	55.8137	15	0	0
0.732929	DL	73	2	0	1	12	1	0	1	8691	13	3	0	55.8137	15	0	0
0.733929	DL	73	3	0	1	12	1	0	1	8691	13	3	0	55.8137	15	0	0
0.734929	DL	73	4	0	1	12	1	0	1	8691	13	3	0	55.8137	15	0	0
0.735929	DL	73	5	0	1	12	1	0	1	8691	13	3	0	55.8137	15	0	0
0.736929	DL	73	6	0	1	12	1	0	1	8691	13	3	0	55.8137	15	0	0
0.737929	DL	73	7	0	1	12	1	0	1	8691	13	3	0	55.8137	15	0	0
0.738929	DL	73	8	0	1	12	1	0	1	8691	13	3	0	55.8137	15	0	0
0.739929	DL	73	9	0	1	12	1	0	1	8691	13	3	0	55.8137	15	0	0
0.740929	DL	74	0	0	1	12	1	0	1	8691	13	3	0	55.8137	15	0	0
0.741929	DL	74	1	0	1	12	1	0	1	8691	13	3	0	55.8137	15	0	0
0.742929	DL	74	2	0	1	12	1	0	1	8691	13	3	0	55.8137	15	0	0
0.743929	DL	74	3	0	1	12	1	0	1	8691	13	3	0	55.8137	15	0	0
0.744929	DL	74	4	0	1	12	1	0	1	8691	13	3	0	55.8137	15	0	0
0.745929	DL	74	5	0	1	12	1	0	1	8691	13	3	0	55.8137	15	0	0
0.746929	DL	74	6	0	1	12	1	0	1	8691	13	3	0	55.8137	15	0	0
0.747929	DL	74	7	0	1	12	1	0	1	8691	13	3	0	55.8137	15	0	0
0.748929	DL	74	8	0	1	12	1	0	1	8691	13	3	0	55.8137	15	0	0
0.749929	DL	74	9	0	1	12	1	0	1	8691	13	3	0	55.8137	15	0	0
0.750929	DL	75	0	0	1	12	1	0	1	8691	13	3	0	55.8137	15	0	0
0.751929	DL	75	1	0	1	12	1	0	1	8691	13	3	0	55.8137	15	0	0
0.752929	DL	75	2	0	1	12	1	0	1	8691	13	3	0	55.8137	15	0	0
0.753929	DL	75	3	0	1	12	1	0	1	8691	13	3	0	55.8137	15	0	0
0.754929	DL	75	4	0	1	12	1	0	1	8691	13	3	0	55.8137	15	0	0
0.755929	DL	75	5	0	1	12	1	0	1	8691	13	3	0	55.8137	15	0	0
0.756929	DL	75	6	0	1	12	1	0	1	8691	13	3	0	55.8137	15	0	0
0.757929	DL	75	7	0	1	12	1	0	1	8691	13	3	0	55.8137	15	0	0
0.758929	DL	75	8	0	1	12	1	0	1	8691	13	3	0	55.8137	15	0	0
0.759929	DL	75	9	0	1	12	1	0	1	8691	13	3	0	55.8137	15	0	0
0.760929	DL	76	0	0	1	12	1	0	1	8691	13	3	0	55.8137	15	0	0
0.761929	DL	76	1	0	1	12	1	0	1	8691	13	3	0	55.8137	15	0	0
0.762929	DL	76	2	0	1	12	1	0	1	8691	13	3	0	55.8137	15	0	0
0.763929	DL	76	3	0	1	12	1	0	1	8691	13	3	0	55.8137	15	0	0
0.764929	DL	76	4	0	1	12	1	0	1	8691	13	3	0	55.8137	15	0	0
0.765929	DL	76	5	0	1	12	1	0	1	8691	13	3	0	55.8137	15	0	0
0.766929	DL	76	6	0	1	12	1	0	1	8691	13	3	0	55.8137	15	0	0
0.767929	DL	76	7	0	1	12	1	0	1	8691	13	3	0	55.8137	15	0	0
0.768929	DL	76	8	0	1	12	1	0	1	8691	13	3	0	55.8137	15	0	0
0.769929	DL	76	9	0	1	12	1	0	1	8691	13	3	0	55.8137	15	0	0
0.770857	DL	77	0	0	1	11	1	0	1	7968	13	3	0	55.8137	15	0	0
0.771929	DL	77	1	0	1	12	1	0	1	8691	13	3	0	55.8137	15	0	0
0.772929	DL	77	2	0	1	12	1	0	1	8691	13	3	0	55.8137	15	0	0
0.773929	DL	77	3	0	1	12	1	0	1	8691	13	3	0	55.8137	15	0	0
0.774929	DL	77	4	0	1	12	1	0	1	8691	13	3	0	55.8137	15	0	0
0.775929	DL	77	5	0	1	12	1	0	1	8691	13	3	0	55.8137	15	0	0
0.776929	DL	77	6	0	1	12	1	0	1	8691	13	3	0	55.8137	15	0	0
0.777929	DL	77	7	0	1	12	1	0	1	8691	13	3	0	55.8137	15	0	0
0.778929	DL	77	8	0	1	12	1	0	1	8691	13	3	0	55.8137	15	0	0
0.779929	DL	77	9	0	1	12	1	0	1	8691	13	3	0	55.8137	15	0	0
0.780929	DL	78	0	0	1	12	1	0	1	8691	13	3	0	55.8137	15	0	0
0.781929	DL	78	1	0	1	12	1	0	1	8691	13	3	0	55.8137	15	0	0
0.782929	DL	78	2	0	1	12	1	0	1	8691	13	3	0	55.8137	15	0	0
0.783929	DL	78	3	0	1	12	1	0	1	8691	13	3	0	55.8137	15	0	0
0.784929	DL	78	4	0	1	12	1	0	1	8691	13	3	0	55.8137	15	0	0
0.785929	DL	78	5	0	1	12	1	0	1	8691	13	3	0	55.8137	15	0	0
0.786929	DL	78	6	0	1	12	1	0	1	8691	13	3	0	55.8137	15	0	0
0.787929	DL	78	7	0	1	12	1	0	1	8691	13	3	0	55.8137	15	0	0
0.788929	DL	78	8	0	1	12	1	0	1	8691	13	3	0	55.8137	15	0	0
0.789929	DL	78	9	0	1	12	1	0	1	8691	13	3	0	55.8137	15	0	0
0.790929	DL	79	0	0	1	12	1	0	1	8691	13	3	0	55.8137	15	0	0
0.791929	DL	79	1	0	1	12	1	0	1	8691	13	3	0	55.8137	15	0	0
0.792929	DL	79	2	0	1	12	1	0	1	8691	13	3	0	55.8137	15	0	0
0.793929	DL	79	3	0	1	12	1	0	1	8691	13	3	0	55.8137	15	0	0
0.794929	DL	79	4	0	1	12	1	0	1	8691	13	3	0	55.8137	15	0	0
0.795929	DL	79	5	0	1	12	1	0	1	8691	13	3	0	55.8137	15	0	0
0.796929	DL	79	6	0	1	12	1	0	1	8691	13	3	0	55.8137	15	0	0
0.797929	DL	79	7	0	1	12	1	0	1	8691	13	3	0	55.8137	15	0	0
0.798929	DL	79	8	0	1	12	1	0	1	8691	13	3	0	55.8137	15	0	0
0.799929	DL	79	9	0	1	12	1	0	1	8691	13	3	0	55.8137	15	0	0
0.800929	DL	80	0	0	1	12	1	0	1	8691	13	3	0	55.8137	15	0	0
0.801929	DL	80	1	0	1	12	1	0	1	8691	13	3	0	55.8137	15	0	0
0.802929	DL	80	2	0	1	12	1	0	1	8691	13	3	0	55.8137	15	0	0
0.803929	DL	80	3	0	1	12	1	0	1	8691	13	3	0	55.8137	15	0	0
0.804929	DL	80	4	0	1	12	1	0	1	8691	13	3	0	55.8137	15	0	0
0.805929	DL	80	5	0	1	12	1	0	1	8691	13	3	0	55.8137	15	0	0
0.806929	DL	80	6	0	1	12	1	0	1	8691	13	3	0	55.8137	15	0	0
0.807929	DL	80	7	0	1	12	1	0	1	8691	13	3	0	55.8137	15	0	0
0.808929	DL	80	8	0	1	12	1	0	1	8691	13	3	0	55.8137	15	0	0
0.809929	DL	80	9	0	1	12	1	0	1	8691	13	3	0	55.8137	15	0	0
0.810929	DL	81	0	0	1	12	1	0	1	8691	13	3	0	55.8137	15	0	0
0.811929	DL	81	1	0	1	12	1	0	1	8691	13	3	0	55.8137	15	0	0
0.812929	DL	81	2	0	1	12	1	0	1	8691	13	3	0	55.8137	15	0	0
0.813929	DL	81	3	0	1	12	1	0	1	8691	13	3	0	55.8137	15	0	0
0.814929	DL	81	4	0	1	12	1	0	1	8691	13	3	0	55.8137	15	0	0
0.815929	DL	81	5	0	1	12	1	0	1	8691	13	3	0	55.8137	15	0	0
0.816929	DL	81	6	0	1	12	1	0	1	8691	13	3	0	55.8137	15	0	0
0.817929	DL	81	7	0	1	12	1	0	1	8691	13	3	0	55.8137	15	0	0
0.818929	DL	81	8	0	1	12	1	0	1	8691	13	3	0	55.8137	15	0	0
0.819929	DL	81	9	0	1	12	1	0	1	8691	13	3	0	55.8137	15	0	0
0.820929	DL	82	0	0	1	12	1	0	1	8691	13	3	0	55.8137	15	0	0
0.821929	DL	82	1	0	1	12	1	0	1	8691	13	3	0	55.8137	15	0	0
0.822929	DL	82	2	0	1	12	1	0	1	8691	13	3	0	55.8137	15	0	0
0.823929	DL	82	3	0	1	12	1	0	1	8691	13	3	0	55.8137	15	0	0
0.824929	DL	82	4	0	1	12	1	0	1	8691	13	3	0	55.8137	15	0	0
0.825929	DL	82	5	0	1	12	1	0	1	8691	13	3	0	55.8137	15	0	0
0.826929	DL	82	6	0	1	12	1	0	1	8691	13	3	0	55.8137	15	0	0
0.827929	DL	82	7	0	1	12	1	0	1	8691	13	3	0	55.8137	15	0	0
0.828929	DL	82	8	0	1	12	1	0	1	8691	13	3	0	55.8137	15	0	0
0.829929	DL	82	9	0	1	12	1	0	1	8691	13	3	0	55.8137	15	0	0
0.830929	DL	83	0	0	1	12	1	0	1	8691	13	3	0	55.8137	15	0	0
0.831929	DL	83	1	0	1	12	1	0	1	8691	13	3	0	55.8137	15	0	0
0.832929	DL	83	2	0	1	12	1	0	1	8691	13	3	0	55.8137	15	0	0
0.833929	DL	83	3	0	1	12	1	0	1	8691	13	3	0	55.8137	15	0	0
0.834929	DL	83	4	0	1	12	1	0	1	8691	13	3	0	55.8137	15	0	0
0.835929	DL	83	5	0	1	12	1	0	1	8691	13	3	0	55.8137	15	0	0
0.836929	DL	83	6	0	1	12	1	0	1	8691	13	3	0	55.8137	15	0	0
0.837929	DL	83	7	0	1	12	1	0	1	8691	13	3	0	55.8137	15	0	0
0.838929	DL	83	8	0	1	12	1	0	1	8691	13	3	0	55.8137	15	0	0
0.839929	DL	83	9	0	1	12	1	0	1	8691	13	3	0	55.8137	15	0	0
0.840929	DL	84	0	0	1	12	1	0	1	8691	13	3	0	55.8137	15	0	0
0.841929	DL	84	1	0	1	12	1	0	1	8691	13	3	0	55.8137	15	0	0
0.842929	DL	84	2	0	1	12	1	0	1	8691	13	3	0	55.8137	15	0	0
0.843929	DL	84	3	0	1	12	1	0	1	8691	13	3	0	55.8137	15	0	0
0.844929	DL	84	4	0	1	12	1	0	1	8691	13	3	0	55.8137	15	0	0
0.845929	DL	84	5	0	1	12	1	0	1	8691	13	3	0	55.8137	15	0	0
0.846929	DL	84	6	0	1	12	1	0	1	8691	13	3	0	55.8137	15	0	0
0.847929	DL	84	7	0	1	12	1	0	1	8691	13	3	0	55.8137	15	0	0
0.848929	DL	84	8	0	1	12	1	0	1	8691	13	3	0	55.8137	15	0	0
0.849929	DL	84	9	0	1	12	1	0	1	8691	13	3	0	55.8137	15	0	0
0.850857	DL	85	0	0	1	11	1	0	1	7968	13	3	0	55.8137	15	0	0
0.851929	DL	85	1	0	1	12	1	0	1	8691	13	3	0	55.8137	15	0	0
0.852929	DL	85	2	0	1	12	1	0	1	8691	13	3	0	55.8137	15	0	0
0.853929	DL	85	3	0	1	12	1	0	1	8691	13	3	0	55.8137	15	0	0
0.854929	DL	85	4	0	1	12	1	0	1	8691	13	3	0	55.8137	15	0	0
0.855929	DL	85	5	0	1	12	1	0	1	8691	13	3	0	55.8137	15	0	0
0.856929	DL	85	6	0	1	12	1	0	1	8691	13	3	0	55.8137	15	0	0
0.857929	DL	85	7	0	1	12	1	0	1	8691	13	3	0	55.8137	15	0	0
0.858929	DL	85	8	0	1	12	1	0	1	8691	13	3	0	55.8137	15	0	0
0.859929	DL	85	9	0	1	12	1	0	1	8691	13	3	0	55.8137	15	0	0
0.860929	DL	86	0	0	1	12	1	0	1	8691	13	3	0	55.8137	15	0	0
0.861929	DL	86	1	0	1	12	1	0	1	8691	13	3	0	55.8137	15	0	0
0.862929	DL	86	2	0	1	12	1	0	1	8691	13	3	0	55.8137	15	0	0
0.863929	DL	86	3	0	1	12	1	0	1	8691	13	3	0	55.8137	15	0	0
0.864929	DL	86	4	0	1	12	1	0	1	8691	13	3	0	55.8137	15	0	0
0.865929	DL	86	5	0	1	12	1	0	1	8691	13	3	0	55.8137	15	0	0
0.866929	DL	86	6	0	1	12	1	0	1	8691	13	3	0	55.8137	15	0	0
0.867929	DL	86	7	0	1	12	1	0	1	8691	13	3	0	55.8137	15	0	0
0.868929	DL	86	8	0	1	12	1	0	1	8691	13	3	0	55.8137	15	0	0
0.869929	DL	86	9	0	1	12	1	0	1	8691	13	3	0	55.8137	15	0	0
0.870929	DL	87	0	0	1	12	1	0	1	8691	13	3	0	55.8137	15	0	0
0.871929	DL	87	1	0	1	12	1	0	1	8691	13	3	0	55.8137	15	0	0
0.872929	DL	87	2	0	1	12	1	0	1	8691	13	3	0	55.8137	15	0	0
0.873929	DL	87	3	0	1	12	1	0	1	8691	13	3	0	55.8137	15	0	0
0.874929	DL	87	4	0	1	12	1	0	1	8691	13	3	0	55.8137	15	0	0
0.875929	DL	87	5	0	1	12	1	0	1	8691	13	3	0	55.8137	15	0	0
0.876929	DL	87	6	0	1	12	1	0	1	8691	13	3	0	55.8137	15	0	0
0.877929	DL	87	7	0	1	12	1	0	1	8691	13	3	0	55.8137	15	0	0
0.878929	DL	87	8	0	1	12	1	0	1	8691	13	3	0	55.8137	15	0	0
0.879929	DL	87	9	0	1	12	1	0	1	8691	13	3	0	55.8137	15	0	0
0.880929	DL	88	0	0	1	12	1	0	1	8691	13	3	0	55.8137	15	0	0
0.881929	DL	88	1	0	1	12	1	0	1	8691	13	3	0	55.8137	15	0	0
0.882929	DL	88	2	0	1	12	1	0	1	8691	13	3	0	55.8137	15	0	0
0.883929	DL	88	3	0	1	12	1	0	1	8691	13	3	0	55.8137	15	0	0
0.884929	DL	88	4	0	1	12	1	0	1	8691	13	3	0	55.8137	15	0	0
0.885929	DL	88	5	0	1	12	1	0	1	8691	13	3	0	55.8137	15	0	0
0.886929	DL	88	6	0	1	12	1	0	1	8691	13	3	0	55.8137	15	0	0
0.887929	DL	88	7	0	1	12	1	0	1	8691	13	3	0	55.8137	15	0	0
0.888929	DL	88	8	0	1	12	1	0	1	8691	13	3	0	55.8137	15	0	0
0.889929	DL	88	9	0	1	12	1	0	1	8691	13	3	0	55.8137	15	0	0
0.890929	DL	89	0	0	1	12	1	0	1	8691	13	3	0	55.8137	15	0	0
0.891929	DL	89	1	0	1	12	1	0	1	8691	13	3	0	55.8137	15	0	0
0.892929	DL	89	2	0	1	12	1	0	1	8691	13	3	0	55.8137	15	0	0
0.893929	DL	89	3	0	1	12	1	0	1	8691	13	3	0	55.8137	15	0	0
0.894929	DL	89	4	0	1	12	1	0	1	8691	13	3	0	55.8137	15	0	0
0.895929	DL	89	5	0	1	12	1	0	1	8691	13	3	0	55.8137	15	0	0
0.896929	DL	89	6	0	1	12	1	0	1	8691	13	3	0	55.8137	15	0	0
0.897929	DL	89	7	0	1	12	1	0	1	8691	13	3	0	55.8137	15	0	0
0.898929	DL	89	8	0	1	12	1	0	1	8691	13	3	0	55.8137	15	0	0
0.899929	DL	89	9	0	1	12	1	0	1	8691	13	3	0	55.8137	15	0	0
0.900929	DL	90	0	0	1	12	1	0	1	8691	13	3	0	55.8137	15	0	0
0.901929	DL	90	1	0	1	12	1	0	1	8691	13	3	0	55.8137	15	0	0
0.902929	DL	90	2	0	1	12	1	0	1	8691	13	3	0	55.8137	15	0	0
0.903929	DL	90	3	0	1	12	1	0	1	8691	13	3	0	55.8137	15	0	0
0.904929	DL	90	4	0	1	12	1	0	1	8691	13	3	0	55.8137	15	0	0
0.905929	DL	90	5	0	1	12	1	0	1	8691	13	3	0	55.8137	15	0	0
0.906929	DL	90	6	0	1	12	1	0	1	8691	13	3	0	55.8137	15	0	0
0.907929	DL	90	7	0	1	12	1	0	1	8691	13	3	0	55.8137	15	0	0
0.908929	DL	90	8	0	1	12	1	0	1	8691	13	3	0	55.8137	15	0	0
0.909929	DL	90	9	0	1	12	1	0	1	8691	13	3	0	55.8137	15	0	0
0.910929	DL	91	0	0	1	12	1	0	1	8691	13	3	0	55.8137	15	0	0
0.911929	DL	91	1	0	1	12	1	0	1	8691	13	3	0	55.8137	15	0	0
0.912929	DL	91	2	0	1	12	1	0	1	8691	13	3	0	55.8137	15	0	0
0.913929	DL	91	3	0	1	12	1	0	1	8691	13	3	0	55.8137	15	0	0
0.914929	DL	91	4	0	1	12	1	0	1	8691	13	3	0	55.8137	15	0	0
0.915929	DL	91	5	0	1	12	1	0	1	8691	13	3	0	55.8137	15	0	0
0.916929	DL	91	6	0	1	12	1	0	1	8691	13	3	0	55.8137	15	0	0
0.917929	DL	91	7	0	1	12	1	0	1	8691	13	3	0	55.8137	15	0	0
0.918929	DL	91	8	0	1	12	1	0	1	8691	13	3	0	55.8137	15	0	0
0.919929	DL	91	9	0	1	12	1	0	1	8691	13	3	0	55.8137	15	0	0
0.920929	DL	92	0	0	1	12	1	0	1	8691	13	3	0	55.8137	15	0	0
0.921929	DL	92	1	0	1	12	1	0	1	8691	13	3	0	55.8137	15	0	0
0.922929	DL	92	2	0	1	12	1	0	1	8691	13	3	0	55.8137	15	0	0
0.923929	DL	92	3	0	1	12	1	0	1	8691	13	3	0	55.8137	15	0	0
0.924929	DL	92	4	0	1	12	1	0	1	8691	13	3	0	55.8137	15	0	0
0.925929	DL	92	5	0	1	12	1	0	1	8691	13	3	0	55.8137	15	0	0
0.926929	DL	92	6	0	1	12	1	0	1	8691	13	3	0	55.8137	15	0	0
0.927929	DL	92	7	0	1	12	1	0	1	8691	13	3	0	55.8137	15	0	0
0.928929	DL	92	8	0	1	12	1	0	1	8691	13	3	0	55.8137	15	0	0
0.929929	DL	92	9	0	1	12	1	0	1	8691	13	3	0	55.8137	15	0	0
0.930857	DL	93	0	0	1	11	1	0	1	7968	13	3	0	55.8137	15	0	0
0.931929	DL	93	1	0	1	12	1	0	1	8691	13	3	0	55.8137	15	0	0
0.932929	DL	93	2	0	1	12	1	0	1	8691	13	3	0	55.8137	15	0	0
0.933929	DL	93	3	0	1	12	1	0	1	8691	13	3	0	55.8137	15	0	0
0.934929	DL	93	4	0	1	12	1	0	1	8691	13	3	0	55.8137	15	0	0
0.935929	DL	93	5	0	1	12	1	0	1	8691	13	3	0	55.8137	15	0	0
0.936929	DL	93	6	0	1	12	1	0	1	8691	13	3	0	55.8137	15	0	0
0.937929	DL	93	7	0	1	12	1	0	1	8691	13	3	0	55.8137	15	0	0
0.938929	DL	93	8	0	1	12	1	0	1	8691	13	3	0	55.8137	15	0	0
0.939929	DL	93	9	0	1	12	1	0	1	8691	13	3	0	55.8137	15	0	0
0.940929	DL	94	0	0	1	12	1	0	1	8691	13	3	0	55.8137	15	0	0
0.941929	DL	94	1	0	1	12	1	0	1	8691	13	3	0	55.8137	15	0	0
0.942929	DL	94	2	0	1	12	1	0	1	8691	13	3	0	55.8137	15	0	0
0.943929	DL	94	3	0	1	12	1	0	1	8691	13	3	0	55.8137	15	0	0
0.944929	DL	94	4	0	1	12	1	0	1	8691	13	3	0	55.8137	15	0	0
0.945929	DL	94	5	0	1	12	1	0	1	8691	13	3	0	55.8137	15	0	0
0.946929	DL	94	6	0	1	12	1	0	1	8691	13	3	0	55.8137	15	0	0
0.947929	DL	94	7	0	1	12	1	0	1	8691	13	3	0	55.8137	15	0	0
0.948929	DL	94	8	0	1	12	1	0	1	8691	13	3	0	55.8137	15	0	0
0.949929	DL	94	9	0	1	12	1	0	1	8691	13	3	0	55.8137	15	0	0
0.950929	DL	95	0	0	1	12	1	0	1	8691	13	3	0	55.8137	15	0	0
0.951929	DL	95	1	0	1	12	1	0	1	8691	13	3	0	55.8137	15	0	0
0.952929	DL	95	2	0	1	12	1	0	1	8691	13	3	0	55.8137	15	0	0
0.953929	DL	95	3	0	1	12	1	0	1	8691	13	3	0	55.8137	15	0	0
0.954929	DL	95	4	0	1	12	1	0	1	8691	13	3	0	55.8137	15	0	0
0.955929	DL	95	5	0	1	12	1	0	1	8691	13	3	0	55.8137	15	0	0
0.956929	DL	95	6	0	1	12	1	0	1	8691	13	3	0	55.8137	15	0	0
0.957929	DL	95	7	0	1	12	1	0	1	8691	13	3	0	55.8137	15	0	0
0.958929	DL	95	8	0	1	12	1	0	1	8691	13	3	0	55.8137	15	0	0
0.959929	DL	95	9	0	1	12	1	0	1	8691	13	3	0	55.8137	15	0	0
0.960929	DL	96	0	0	1	12	1	0	1	8691	13	3	0	55.8137	15	0	0
0.961929	DL	96	1	0	1	12	1	0	1	8691	13	3	0	55.8137	15	0	0
0.962929	DL	96	2	0	1	12	1	0	1	8691	13	3	0	55.8137	15	0	0
0.963929	DL	96	3	0	1	12	1	0	1	8691	13	3	0	55.8137	15	0	0
0.964929	DL	96	4	0	1	12	1	0	1	8691	13	3	0	55.8137	15	0	0
0.965929	DL	96	5	0	1	12	1	0	1	8691	13	3	0	55.8137	15	0	0
0.966929	DL	96	6	0	1	12	1	0	1	8691	13	3	0	55.8137	15	0	0
0.967929	DL	96	7	0	1	12	1	0	1	8691	13	3	0	55.8137	15	0	0
0.968929	DL	96	8	0	1	12	1	0	1	8691	13	3	0	55.8137	15	0	0
0.969929	DL	96	9	0	1	12	1	0	1	8691	13	3	0	55.8137	15	0	0
0.970929	DL	97	0	0	1	12	1	0	1	8691	13	3	0	55.8137	15	0	0
0.971929	DL	97	1	0	1	12	1	0	1	8691	13	3	0	55.8137	15	0	0
0.972929	DL	97	2	0	1	12	1	0	1	8691	13	3	0	55.8137	15	0	0
0.973929	DL	97	3	0	1	12	1	0	1	8691	13	3	0	55.8137	15	0	0
0.974929	DL	97	4	0	1	12	1	0	1	8691	13	3	0	55.8137	15	0	0
0.975929	DL	97	5	0	1	12	1	0	1	8691	13	3	0	55.8137	15	0	0
0.976929	DL	97	6	0	1	12	1	0	1	8691	13	3	0	55.8137	15	0	0
0.977929	DL	97	7	0	1	12	1	0	1	8691	13	3	0	55.8137	15	0	0
0.978929	DL	97	8	0	1	12	1	0	1	8691	13	3	0	55.8137	15	0	0
0.979929	DL	97	9	0	1	12	1	0	1	8691	13	3	0	55.8137	15	0	0
0.980929	DL	98	0	0	1	12	1	0	1	8691	13	3	0	55.8137	15	0	0
0.981929	DL	98	1	0	1	12	1	0	1	8691	13	3	0	55.8137	15	0	0
0.982929	DL	98	2	0	1	12	1	0	1	8691	13	3	0	55.8137	15	0	0
0.983929	DL	98	3	0	1	12	1	0	1	8691	13	3	0	55.8137	15	0	0
0.984929	DL	98	4	0	1	12	1	0	1	8691	13	3	0	55.8137	15	0	0
0.985929	DL	98	5	0	1	12	1	0	1	8691	13	3	0	55.8137	15	0	0
0.986929	DL	98	6	0	1	12	1	0	1	8691	13	3	0	55.8137	15	0	0
0.987929	DL	98	7	0	1	12	1	0	1	8691	13	3	0	55.8137	15	0	0
0.988929	DL	98	8	0	1	12	1	0	1	8691	13	3	0	55.8137	15	0	0
0.989929	DL	98	9	0	1	12	1	0	1	8691	13	3	0	55.8137	15	0	0
0.990929	DL	99	0	0	1	12	1	0	1	8691	13	3	0	55.8137	15	0	0
0.991929	DL	99	1	0	1	12	1	0	1	8691	13	3	0	55.8137	15	0	0
0.992929	DL	99	2	0	1	12	1	0	1	8691	13	3	0	55.8137	15	0	0
0.993929	DL	99	3	0	1	12	1	0	1	8691	13	3	0	55.8137	15	0	0
0.994929	DL	99	4	0	1	12	1	0	1	8691	13	3	0	55.8137	15	0	0
0.995929	DL	99	5	0	1	12	1	0	1	8691	13	3	0	55.8137	15	0	0
0.996929	DL	99	6	0	1	12	1	0	1	8691	13	3	0	55.8137	15	0	0
0.997929	DL	99	7	0	1	12	1	0	1	8691	13	3	0	55.8137	15	0	0
0.998929	DL	99	8	0	1	12	1	0	1	8691	13	3	0	55.8137	15	0	0
0.999929	DL	99	9	0	1	12	1	0	1	8691	13	3	0	55.8137	15	0	0
1.00093	DL	100	0	0	1	12	1	0	1	8691	13	3	0	55.8137	15	0	0
1.00193	DL	100	1	0	1	12	1	0	1	8691	13	3	0	55.8137	15	0	0
1.00293	DL	100	2	0	1	12	1	0	1	8691	13	3	0	55.8137	15	0	0
1.00393	DL	100	3	0	1	12	1	0	1	8691	13	3	0	55.8137	15	0	0
1.00493	DL	100	4	0	1	12	1	0	1	8691	13	3	0	55.8137	15	0	0
1.00593	DL	100	5	0	1	12	1	0	1	8691	13	3	0	55.8137	15	0	0
1.00693	DL	100	6	0	1	12	1	0	1	8691	13	3	0	55.8137	15	0	0
1.00793	DL	100	7	0	1	12	1	0	1	8691	13	3	0	55.8137	15	0	0
1.00893	DL	100	8	0	1	12	1	0	1	8691	13	3	0	55.8137	15	0	0
1.00993	DL	100	9	0	1	12	1	0	1	8691	13	3	0	55.8137	15	0	0
1.01086	DL	101	0	0	1	11	1	0	1	7968	13	3	0	55.8137	15	0	0
1.01193	DL	101	1	0	1	12	1	0	1	8691	13	3	0	55.8137	15	0	0
1.01293	DL	101	2	0	1	12	1	0	1	8691	13	3	0	55.8137	15	0	0
1.01393	DL	101	3	0	1	12	1	0	1	8691	13	3	0	55.8137	15	0	0
1.01493	DL	101	4	0	1	12	1	0	1	8691	13	3	0	55.8137	15	0	0
1.01593	DL	101	5	0	1	12	1	0	1	8691	13	3	0	55.8137	15	0	0
1.01693	DL	101	6	0	1	12	1	0	1	8691	13	3	0	55.8137	15	0	0
1.01793	DL	101	7	0	1	12	1	0	1	8691	13	3	0	55.8137	15	0	0
1.01893	DL	101	8	0	1	12	1	0	1	8691	13	3	0	55.8137	15	0	0
1.01993	DL	101	9	0	1	12	1	0	1	8691	13	3	0	55.8137	15	0	0
1.02093	DL	102	0	0	1	12	1	0	1	8691	13	3	0	55.8137	15	0	0
1.02193	DL	102	1	0	1	12	1	0	1	8691	13	3	0	55.8137	15	0	0
1.02293	DL	102	2	0	1	12	1	0	1	8691	13	3	0	55.8137	15	0	0
1.02393	DL	102	3	0	1	12	1	0	1	8691	13	3	0	55.8137	15	0	0
1.02493	DL	102	4	0	1	12	1	0	1	8691	13	3	0	55.8137	15	0	0
1.02593	DL	102	5	0	1	12	1	0	1	8691	13	3	0	55.8137	15	0	0
1.02693	DL	102	6	0	1	12	1	0	1	8691	13	3	0	55.8137	15	0	0
1.02793	DL	102	7	0	1	12	1	0	1	8691	13	3	0	55.8137	15	0	0
1.02893	DL	102	8	0	1	12	1	0	1	8691	13	3	0	55.8137	15	0	0
1.02993	DL	102	9	0	1	12	1	0	1	8691	13	3	0	55.8137	15	0	0
1.03093	DL	103	0	0	1	12	1	0	1	8691	13	3	0	55.8137	15	0	0
1.03193	DL	103	1	0	1	12	1	0	1	8691	13	3	0	55.8137	15	0	0
1.03293	DL	103	2	0	1	12	1	0	1	8691	13	3	0	55.8137	15	0	0
1.03393	DL	103	3	0	1	12	1	0	1	8691	13	3	0	55.8137	15	0	0
1.03493	DL	103	4	0	1	12	1	0	1	8691	13	3	0	55.8137	15	0	0
1.03593	DL	103	5	0	1	12	1	0	1	8691	13	3	0	55.8137	15	0	0
1.03693	DL	103	6	0	1	12	1	0	1	8691	13	3	0	55.8137	15	0	0
1.03793	DL	103	7	0	1	12	1	0	1	8691	13	3	0	55.8137	15	0	0
1.03893	DL	103	8	0	1	12	1	0	1	8691	13	3	0	55.8137	15	0	0
1.03993	DL	103	9	0	1	12	1	0	1	8691	13	3	0	55.8137	15	0	0
1.04093	DL	104	0	0	1	12	1	0	1	8691	13	3	0	55.8137	15	0	0
1.04193	DL	104	1	0	1	12	1	0	1	8691	13	3	0	55.8137	15	0	0
1.04293	DL	104	2	0	1	12	1	0	1	8691	13	3	0	55.8137	15	0	0
1.04393	DL	104	3	0	1	12	1	0	1	8691	13	3	0	55.8137	15	0	0
1.04493	DL	104	4	0	1	12	1	0	1	8691	13	3	0	55.8137	15	0	0
1.04593	DL	104	5	0	1	12	1	0	1	8691	13	3	0	55.8137	15	0	0
1.04693	DL	104	6	0	1	12	1	0	1	8691	13	3	0	55.8137	15	0	0
1.04793	DL	104	7	0	1	12	1	0	1	8691	13	3	0	55.8137	15	0	0
1.04893	DL	104	8	0	1	12	1	0	1	8691	13	3	0	55.8137	15	0	0
1.04993	DL	104	9	0	1	12	1	0	1	8691	13	3	0	55.8137	15	0	0
1.05093	DL	105	0	0	1	12	1	0	1	8691	13	3	0	55.8137	15	0	0
1.05193	DL	105	1	0	1	12	1	0	1	8691	13	3	0	55.8137	15	0	0
1.05293	DL	105	2	0	1	12	1	0	1	8691	13	3	0	55.8137	15	0	0
1.05393	DL	105	3	0	1	12	1	0	1	8691	13	3	0	55.8137	15	0	0
1.05493	DL	105	4	0	1	12	1	0	1	8691	13	3	0	55.8137	15	0	0
1.05593	DL	105	5	0	1	12	1	0	1	8691	13	3	0	55.8137	15	0	0
1.05693	DL	105	6	0	1	12	1	0	1	8691	13	3	0	55.8137	15	0	0
1.05793	DL	105	7	0	1	12	1	0	1	8691	13	3	0	55.8137	15	0	0
1.05893	DL	105	8	0	1	12	1	0	1	8691	13	3	0	55.8137	15	0	0
1.05993	DL	105	9	0	1	12	1	0	1	8691	13	3	0	55.8137	15	0	0
1.06093	DL	106	0	0	1	12	1	0	1	8691	13	3	0	55.8137	15	0	0
1.06193	DL	106	1	0	1	12	1	0	1	8691	13	3	0	55.8137	15	0	0
1.06293	DL	106	2	0	1	12	1	0	1	8691	13	3	0	55.8137	15	0	0
1.06393	DL	106	3	0	1	12	1	0	1	8691	13	3	0	55.8137	15	0	0
1.06493	DL	106	4	0	1	12	1	0	1	8691	13	3	0	55.8137	15	0	0
1.06593	DL	106	5	0	1	12	1	0	1	8691	13	3	0	55.8137	15	0	0
1.06693	DL	106	6	0	1	12	1	0	1	8691	13	3	0	55.8137	15	0	0
1.06793	DL	106	7	0	1	12	1	0	1	8691	13	3	0	55.8137	15	0	0
1.06893	DL	106	8	0	1	12	1	0	1	8691	13	3	0	55.8137	15	0	0
1.06993	DL	106	9	0	1	12	1	0	1	8691	13	3	0	55.8137	15	0	0
1.07093	DL	107	0	0	1	12	1	0	1	8691	13	3	0	55.8137	15	0	0
1.07193	DL	107	1	0	1	12	1	0	1	8691	13	3	0	55.8137	15	0	0
1.07293	DL	107	2	0	1	12	1	0	1	8691	13	3	0	55.8137	15	0	0
1.07393	DL	107	3	0	1	12	1	0	1	8691	13	3	0	55.8137	15	0	0
1.07493	DL	107	4	0	1	12	1	0	1	8691	13	3	0	55.8137	15	0	0
1.07593	DL	107	5	0	1	12	1	0	1	8691	13	3	0	55.8137	15	0	0
1.07693	DL	107	6	0	1	12	1	0	1	8691	13	3	0	55.8137	15	0	0
1.07793	DL	107	7	0	1	12	1	0	1	8691	13	3	0	55.8137	15	0	0
1.07893	DL	107	8	0	1	12	1	0	1	8691	13	3	0	55.8137	15	0	0
1.07993	DL	107	9	0	1	12	1	0	1	8691	13	3	0	55.8137	15	0	0
1.08093	DL	108	0	0	1	12	1	0	1	8691	13	3	0	55.8137	15	0	0
1.08193	DL	108	1	0	1	12	1	0	1	8691	13	3	0	55.8137	15	0	0
1.08293	DL	108	2	0	1	12	1	0	1	8691	13	3	0	55.8137	15	0	0
1.08393	DL	108	3	0	1	12	1	0	1	8691	13	3	0	55.8137	15	0	0
1.08493	DL	108	4	0	1	12	1	0	1	8691	13	3	0	55.8137	15	0	0
1.08593	DL	108	5	0	1	12	1	0	1	8691	13	3	0	55.8137	15	0	0
1.08693	DL	108	6	0	1	12	1	0	1	8691	13	3	0	55.8137	15	0	0
1.08793	DL	108	7	0	1	12	1	0	1	8691	13	3	0	55.8137	15	0	0
1.08893	DL	108	8	0	1	12	1	0	1	8691	13	3	0	55.8137	15	0	0
1.08993	DL	108	9	0	1	12	1	0	1	8691	13	3	0	55.8137	15	0	0
1.09086	DL	109	0	0	1	11	1	0	1	7968	13	3	0	55.8137	15	0	0
1.09193	DL	109	1	0	1	12	1	0	1	8691	13	3	0	55.8137	15	0	0
1.09293	DL	109	2	0	1	12	1	0	1	8691	13	3	0	55.8137	15	0	0
1.09393	DL	109	3	0	1	12	1	0	1	8691	13	3	0	55.8137	15	0	0
1.09493	DL	109	4	0	1	12	1	0	1	8691	13	3	0	55.8137	15	0	0
1.09593	DL	109	5	0	1	12	1	0	1	8691	13	3	0	55.8137	15	0	0
1.09693	DL	109	6	0	1	12	1	0	1	8691	13	3	0	55.8137	15	0	0
1.09793	DL	109	7	0	1	12	1	0	1	8691	13	3	0	55.8137	15	0	0
1.09893	DL	109	8	0	1	12	1	0	1	8691	13	3	0	55.8137	15	0	0
1.09993	DL	109	9	0	1	12	1	0	1	8691	13	3	0	55.8137	15	0	0
1.10093	DL	110	0	0	1	12	1	0	1	8691	13	3	0	55.8137	15	0	0
1.10193	DL	110	1	0	1	12	1	0	1	8691	13	3	0	55.8137	15	0	0
1.10293	DL	110	2	0	1	12	1	0	1	8691	13	3	0	55.8137	15	0	0
1.10393	DL	110	3	0	1	12	1	0	1	8691	13	3	0	55.8137	15	0	0
1.10493	DL	110	4	0	1	12	1	0	1	8691	13	3	0	55.8137	15	0	0
1.10593	DL	110	5	0	1	12	1	0	1	8691	13	3	0	55.8137	15	0	0
1.10693	DL	110	6	0	1	12	1	0	1	8691	13	3	0	55.8137	15	0	0
1.10793	DL	110	7	0	1	12	1	0	1	8691	13	3	0	55.8137	15	0	0
1.10893	DL	110	8	0	1	12	1	0	1	8691	13	3	0	55.8137	15	0	0
1.10993	DL	110	9	0	1	12	1	0	1	8691	13	3	0	55.8137	15	0	0
1.11093	DL	111	0	0	1	12	1	0	1	8691	13	3	0	55.8137	15	0	0
1.11193	DL	111	1	0	1	12	1	0	1	8691	13	3	0	55.8137	15	0	0
1.11293	DL	111	2	0	1	12	1	0	1	8691	13	3	0	55.8137	15	0	0
1.11393	DL	111	3	0	1	12	1	0	1	8691	13	3	0	55.8137	15	0	0
1.11493	DL	111	4	0	1	12	1	0	1	8691	13	3	0	55.8137	15	0	0
1.11593	DL	111	5	0	1	12	1	0	1	8691	13	3	0	55.8137	15	0	0
1.11693	DL	111	6	0	1	12	1	0	1	8691	13	3	0	55.8137	15	0	0
1.11793	DL	111	7	0	1	12	1	0	1	8691	13	3	0	55.8137	15	0	0
1.11893	DL	111	8	0	1	12	1	0	1	8691	13	3	0	55.8137	15	0	0
1.11993	DL	111	9	0	1	12	1	0	1	8691	13	3	0	55.8137	15	0	0
1.12093	DL	112	0	0	1	12	1	0	1	8691	13	3	0	55.8137	15	0	0
1.12193	DL	112	1	0	1	12	1	0	1	8691	13	3	0	55.8137	15	0	0
1.12293	DL	112	2	0	1	12	1	0	1	8691	13	3	0	55.8137	15	0	0
1.12393	DL	112	3	0	1	12	1	0	1	8691	13	3	0	55.8137	15	0	0
1.12493	DL	112	4	0	1	12	1	0	1	8691	13	3	0	55.8137	15	0	0
1.12593	DL	112	5	0	1	12	1	0	1	8691	13	3	0	55.8137	15	0	0
1.12693	DL	112	6	0	1	12	1	0	1	8691	13	3	0	55.8137	15	0	0
1.12793	DL	112	7	0	1	12	1	0	1	8691	13	3	0	55.8137	15	0	0
1.12893	DL	112	8	0	1	12	1	0	1	8691	13	3	0	55.8137	15	0	0
1.12993	DL	112	9	0	1	12	1	0	1	8691	13	3	0	55.8137	15	0	0
1.13093	DL	113	0	0	1	12	1	0	1	8691	13	3	0	55.8137	15	0	0
1.13193	DL	113	1	0	1	12	1	0	1	8691	13	3	0	55.8137	15	0	0
1.13293	DL	113	2	0	1	12	1	0	1	8691	13	3	0	55.8137	15	0	0
1.13393	DL	113	3	0	1	12	1	0	1	8691	13	3	0	55.8137	15	0	0
1.13493	DL	113	4	0	1	12	1	0	1	8691	13	3	0	55.8137	15	0	0
1.13593	DL	113	5	0	1	12	1	0	1	8691	13	3	0	55.8137	15	0	0
1.13693	DL	113	6	0	1	12	1	0	1	8691	13	3	0	55.8137	15	0	0
1.13793	DL	113	7	0	1	12	1	0	1	8691	13	3	0	55.8137	15	0	0
1.13893	DL	113	8	0	1	12	1	0	1	8691	13	3	0	55.8137	15	0	0
1.13993	DL	113	9	0	1	12	1	0	1	8691	13	3	0	55.8137	15	0	0
1.14093	DL	114	0	0	1	12	1	0	1	8691	13	3	0	55.8137	15	0	0
1.14193	DL	114	1	0	1	12	1	0	1	8691	13	3	0	55.8137	15	0	0
1.14293	DL	114	2	0	1	12	1	0	1	8691	13	3	0	55.8137	15	0	0
1.14393	DL	114	3	0	1	12	1	0	1	8691	13	3	0	55.8137	15	0	0
1.14493	DL	114	4	0	1	12	1	0	1	8691	13	3	0	55.8137	15	0	0
1.14593	DL	114	5	0	1	12	1	0	1	8691	13	3	0	55.8137	15	0	0
1.14693	DL	114	6	0	1	12	1	0	1	8691	13	3	0	55.8137	15	0	0
1.14793	DL	114	7	0	1	12	1	0	1	8691	13	3	0	55.8137	15	0	0
1.14893	DL	114	8	0	1	12	1	0	1	8691	13	3	0	55.8137	15	0	0
1.14993	DL	114	9	0	1	12	1	0	1	8691	13	3	0	55.8137	15	0	0
1.15093	DL	115	0	0	1	12	1	0	1	8691	13	3	0	55.8137	15	0	0
1.15193	DL	115	1	0	1	12	1	0	1	8691	13	3	0	55.8137	15	0	0
1.15293	DL	115	2	0	1	12	1	0	1	8691	13	3	0	55.8137	15	0	0
1.15393	DL	115	3	0	1	12	1	0	1	8691	13	3	0	55.8137	15	0	0
1.15493	DL	115	4	0	1	12	1	0	1	8691	13	3	0	55.8137	15	0	0
1.15593	DL	115	5	0	1	12	1	0	1	8691	13	3	0	55.8137	15	0	0
1.15693	DL	115	6	0	1	12	1	0	1	8691	13	3	0	55.8137	15	0	0
1.15793	DL	115	7	0	1	12	1	0	1	8691	13	3	0	55.8137	15	0	0
1.15893	DL	115	8	0	1	12	1	0	1	8691	13	3	0	55.8137	15	0	0
1.15993	DL	115	9	0	1	12	1	0	1	8691	13	3	0	55.8137	15	0	0
1.16093	DL	116	0	0	1	12	1	0	1	8691	13	3	0	55.8137	15	0	0
1.16193	DL	116	1	0	1	12	1	0	1	8691	13	3	0	55.8137	15	0	0
1.16293	DL	116	2	0	1	12	1	0	1	8691	13	3	0	55.8137	15	0	0
1.16393	DL	116	3	0	1	12	1	0	1	8691	13	3	0	55.8137	15	0	0
1.16493	DL	116	4	0	1	12	1	0	1	8691	13	3	0	55.8137	15	0	0
1.16593	DL	116	5	0	1	12	1	0	1	8691	13	3	0	55.8137	15	0	0
1.16693	DL	116	6	0	1	12	1	0	1	8691	13	3	0	55.8137	15	0	0
1.16793	DL	116	7	0	1	12	1	0	1	8691	13	3	0	55.8137	15	0	0
1.16893	DL	116	8	0	1	12	1	0	1	8691	13	3	0	55.8137	15	0	0
1.16993	DL	116	9	0	1	12	1	0	1	8691	13	3	0	55.8137	15	0	0
1.17086	DL	117	0	0	1	11	1	0	1	7968	13	3	0	55.8137	15	0	0
1.17193	DL	117	1	0	1	12	1	0	1	8691	13	3	0	55.8137	15	0	0
1.17293	DL	117	2	0	1	12	1	0	1	8691	13	3	0	55.8137	15	0	0
1.17393	DL	117	3	0	1	12	1	0	1	8691	13	3	0	55.8137	15	0	0
1.17493	DL	117	4	0	1	12	1	0	1	8691	13	3	0	55.8137	15	0	0
1.17593	DL	117	5	0	1	12	1	0	1	8691	13	3	0	55.8137	15	0	0
1.17693	DL	117	6	0	1	12	1	0	1	8691	13	3	0	55.8137	15	0	0
1.17793	DL	117	7	0	1	12	1	0	1	8691	13	3	0	55.8137	15	0	0
1.17893	DL	117	8	0	1	12	1	0	1	8691	13	3	0	55.8137	15	0	0
1.17993	DL	117	9	0	1	12	1	0	1	8691	13	3	0	55.8137	15	0	0
1.18093	DL	118	0	0	1	12	1	0	1	8691	13	3	0	55.8137	15	0	0
1.18193	DL	118	1	0	1	12	1	0	1	8691	13	3	0	55.8137	15	0	0
1.18293	DL	118	2	0	1	12	1	0	1	8691	13	3	0	55.8137	15	0	0
1.18393	DL	118	3	0	1	12	1	0	1	8691	13	3	0	55.8137	15	0	0
1.18493	DL	118	4	0	1	12	1	0	1	8691	13	3	0	55.8137	15	0	0
1.18593	DL	118	5	0	1	12	1	0	1	8691	13	3	0	55.8137	15	0	0
1.18693	DL	118	6	0	1	12	1	0	1	8691	13	3	0	55.8137	15	0	0
1.18793	DL	118	7	0	1	12	1	0	1	8691	13	3	0	55.8137	15	0	0
1.18893	DL	118	8	0	1	12	1	0	1	8691	13	3	0	55.8137	15	0	0
1.18993	DL	118	9	0	1	12	1	0	1	8691	13	3	0	55.8137	15	0	0
1.19093	DL	119	0	0	1	12	1	0	1	8691	13	3	0	55.8137	15	0	0
1.19193	DL	119	1	0	1	12	1	0	1	8691	13	3	0	55.8137	15	0	0
1.19293	DL	119	2	0	1	12	1	0	1	8691	13	3	0	55.8137	15	0	0
1.19393	DL	119	3	0	1	12	1	0	1	8691	13	3	0	55.8137	15	0	0
1.19493	DL	119	4	0	1	12	1	0	1	8691	13	3	0	55.8137	15	0	0
1.19593	DL	119	5	0	1	12	1	0	1	8691	13	3	0	55.8137	15	0	0
1.19693	DL	119	6	0	1	12	1	0	1	8691	13	3	0	55.8137	15	0	0
1.19793	DL	119	7	0	1	12	1	0	1	8691	13	3	0	55.8137	15	0	0
1.19893	DL	119	8	0	1	12	1	0	1	8691	13	3	0	55.8137	15	0	0
1.19993	DL	119	9	0	1	12	1	0	1	8691	13	3	0	55.8137	15	0	0
1.20093	DL	120	0	0	1	12	1	0	1	8691	13	3	0	55.8137	15	0	0
1.20193	DL	120	1	0	1	12	1	0	1	8691	13	3	0	55.8137	15	0	0
1.20293	DL	120	2	0	1	12	1	0	1	8691	13	3	0	55.8137	15	0	0
1.20393	DL	120	3	0	1	12	1	0	1	8691	13	3	0	55.8137	15	0	0
1.20493	DL	120	4	0	1	12	1	0	1	8691	13	3	0	55.8137	15	0	0
1.20593	DL	120	5	0	1	12	1	0	1	8691	13	3	0	55.8137	15	0	0
1.20693	DL	120	6	0	1	12	1	0	1	8691	13	3	0	55.8137	15	0	0
1.20793	DL	120	7	0	1	12	1	0	1	8691	13	3	0	55.8137	15	0	0
1.20893	DL	120	8	0	1	12	1	0	1	8691	13	3	0	55.8137	15	0	0
1.20993	DL	120	9	0	1	12	1	0	1	8691	13	3	0	55.8137	15	0	0
1.21093	DL	121	0	0	1	12	1	0	1	8691	13	3	0	55.8137	15	0	0
1.21193	DL	121	1	0	1	12	1	0	1	8691	13	3	0	55.8137	15	0	0
1.21293	DL	121	2	0	1	12	1	0	1	8691	13	3	0	55.8137	15	0	0
1.21393	DL	121	3	0	1	12	1	0	1	8691	13	3	0	55.8137	15	0	0
1.21493	DL	121	4	0	1	12	1	0	1	8691	13	3	0	55.8137	15	0	0
1.21593	DL	121	5	0	1	12	1	0	1	8691	13	3	0	55.8137	15	0	0
1.21693	DL	121	6	0	1	12	1	0	1	8691	13	3	0	55.8137	15	0	0
1.21793	DL	121	7	0	1	12	1	0	1	8691	13	3	0	55.8137	15	0	0
1.21893	DL	121	8	0	1	12	1	0	1	8691	13	3	0	55.8137	15	0	0
1.21993	DL	121	9	0	1	12	1	0	1	8691	13	3	0	55.8137	15	0	0
1.22093	DL	122	0	0	1	12	1	0	1	8691	13	3	0	55.8137	15	0	0
1.22193	DL	122	1	0	1	12	1	0	1	8691	13	3	0	55.8137	15	0	0
1.22293	DL	122	2	0	1	12	1	0	1	8691	13	3	0	55.8137	15	0	0
1.22393	DL	122	3	0	1	12	1	0	1	8691	13	3	0	55.8137	15	0	0
1.22493	DL	122	4	0	1	12	1	0	1	8691	13	3	0	55.8137	15	0	0
1.22593	DL	122	5	0	1	12	1	0	1	8691	13	3	0	55.8137	15	0	0
1.22693	DL	122	6	0	1	12	1	0	1	8691	13	3	0	55.8137	15	0	0
1.22793	DL	122	7	0	1	12	1	0	1	8691	13	3	0	55.8137	15	0	0
1.22893	DL	122	8	0	1	12	1	0	1	8691	13	3	0	55.8137	15	0	0
1.22993	DL	122	9	0	1	12	1	0	1	8691	13	3	0	55.8137	15	0	0
1.23093	DL	123	0	0	1	12	1	0	1	8691	13	3	0	55.8137	15	0	0
1.23193	DL	123	1	0	1	12	1	0	1	8691	13	3	0	55.8137	15	0	0
1.23293	DL	123	2	0	1	12	1	0	1	8691	13	3	0	55.8137	15	0	0
1.23393	DL	123	3	0	1	12	1	0	1	8691	13	3	0	55.8137	15	0	0
1.23493	DL	123	4	0	1	12	1	0	1	8691	13	3	0	55.8137	15	0	0
1.23593	DL	123	5	0	1	12	1	0	1	8691	13	3	0	55.8137	15	0	0
1.23693	DL	123	6	0	1	12	1	0	1	8691	13	3	0	55.8137	15	0	0
1.23793	DL	123	7	0	1	12	1	0	1	8691	13	3	0	55.8137	15	0	0
1.23893	DL	123	8	0	1	12	1	0	1	8691	13	3	0	55.8137	15	0	0
1.23993	DL	123	9	0	1	12	1	0	1	8691	13	3	0	55.8137	15	0	0
1.24093	DL	124	0	0	1	12	1	0	1	8691	13	3	0	55.8137	15	0	0
1.24193	DL	124	1	0	1	12	1	0	1	8691	13	3	0	55.8137	15	0	0
1.24293	DL	124	2	0	1	12	1	0	1	8691	13	3	0	55.8137	15	0	0
1.24393	DL	124	3	0	1	12	1	0	1	8691	13	3	0	55.8137	15	0	0
1.24493	DL	124	4	0	1	12	1	0	1	8691	13	3	0	55.8137	15	0	0
1.24593	DL	124	5	0	1	12	1	0	1	8691	13	3	0	55.8137	15	0	0
1.24693	DL	124	6	0	1	12	1	0	1	8691	13	3	0	55.8137	15	0	0
1.24793	DL	124	7	0	1	12	1	0	1	8691	13	3	0	55.8137	15	0	0
1.24893	DL	124	8	0	1	12	1	0	1	8691	13	3	0	55.8137	15	0	0
1.24993	DL	124	9	0	1	12	1	0	1	8691	13	3	0	55.8137	15	0	0
1.25086	DL	125	0	0	1	11	1	0	1	7968	13	3	0	55.8137	15	0	0
1.25193	DL	125	1	0	1	12	1	0	1	8691	13	3	0	55.8137	15	0	0
1.25293	DL	125	2	0	1	12	1	0	1	8691	13	3	0	55.8137	15	0	0
1.25393	DL	125	3	0	1	12	1	0	1	8691	13	3	0	55.8137	15	0	0
1.25493	DL	125	4	0	1	12	1	0	1	8691	13	3	0	55.8137	15	0	0
1.25593	DL	125	5	0	1	12	1	0	1	8691	13	3	0	55.8137	15	0	0
1.25693	DL	125	6	0	1	12	1	0	1	8691	13	3	0	55.8137	15	0	0
1.25793	DL	125	7	0	1	12	1	0	1	8691	13	3	0	55.8137	15	0	0
1.25893	DL	125	8	0	1	12	1	0	1	8691	13	3	0	55.8137	15	0	0
1.25993	DL	125	9	0	1	12	1	0	1	8691	13	3	0	55.8137	15	0	0
1.26093	DL	126	0	0	1	12	1	0	1	8691	13	3	0	55.8137	15	0	0
1.26193	DL	126	1	0	1	12	1	0	1	8691	13	3	0	55.8137	15	0	0
1.26293	DL	126	2	0	1	12	1	0	1	8691	13	3	0	55.8137	15	0	0
1.26393	DL	126	3	0	1	12	1	0	1	8691	13	3	0	55.8137	15	0	0
1.26493	DL	126	4	0	1	12	1	0	1	8691	13	3	0	55.8137	15	0	0
1.26593	DL	126	5	0	1	12	1	0	1	8691	13	3	0	55.8137	15	0	0
1.26693	DL	126	6	0	1	12	1	0	1	8691	13	3	0	55.8137	15	0	0
1.26793	DL	126	7	0	1	12	1	0	1	8691	13	3	0	55.8137	15	0	0
1.26893	DL	126	8	0	1	12	1	0	1	8691	13	3	0	55.8137	15	0	0
1.26993	DL	126	9	0	1	12	1	0	1	8691	13	3	0	55.8137	15	0	0
1.27093	DL	127	0	0	1	12	1	0	1	8691	13	3	0	55.8137	15	0	0
1.27193	DL	127	1	0	1	12	1	0	1	8691	13	3	0	55.8137	15	0	0
1.27293	DL	127	2	0	1	12	1	0	1	8691	13	3	0	55.8137	15	0	0
1.27393	DL	127	3	0	1	12	1	0	1	8691	13	3	0	55.8137	15	0	0
1.27493	DL	127	4	0	1	12	1	0	1	8691	13	3	0	55.8137	15	0	0
1.27593	DL	127	5	0	1	12	1	0	1	8691	13	3	0	55.8137	15	0	0
1.27693	DL	127	6	0	1	12	1	0	1	8691	13	3	0	55.8137	15	0	0
1.27793	DL	127	7	0	1	12	1	0	1	8691	13	3	0	55.8137	15	0	0
1.27893	DL	127	8	0	1	12	1	0	1	8691	13	3	0	55.8137	15	0	0
1.27993	DL	127	9	0	1	12	1	0	1	8691	13	3	0	55.8137	15	0	0
1.28093	DL	128	0	0	1	12	1	0	1	8691	13	3	0	55.8137	15	0	0
1.28193	DL	128	1	0	1	12	1	0	1	8691	13	3	0	55.8137	15	0	0
1.28293	DL	128	2	0	1	12	1	0	1	8691	13	3	0	55.8137	15	0	0
1.28393	DL	128	3	0	1	12	1	0	1	8691	13	3	0	55.8137	15	0	0
1.28493	DL	128	4	0	1	12	1	0	1	8691	13	3	0	55.8137	15	0	0
1.28593	DL	128	5	0	1	12	1	0	1	8691	13	3	0	55.8137	15	0	0
1.28693	DL	128	6	0	1	12	1	0	1	8691	13	3	0	55.8137	15	0	0
1.28793	DL	128	7	0	1	12	1	0	1	8691	13	3	0	55.8137	15	0	0
1.28893	DL	128	8	0	1	12	1	0	1	8691	13	3	0	55.8137	15	0	0
1.28993	DL	128	9	0	1	12	1	0	1	8691	13	3	0	55.8137	15	0	0
1.29093	DL	129	0	0	1	12	1	0	1	8691	13	3	0	55.8137	15	0	0
1.29193	DL	129	1	0	1	12	1	0	1	8691	13	3	0	55.8137	15	0	0
1.29293	DL	129	2	0	1	12	1	0	1	8691	13	3	0	55.8137	15	0	0
1.29393	DL	129	3	0	1	12	1	0	1	8691	13	3	0	55.8137	15	0	0
1.29493	DL	129	4	0	1	12	1	0	1	8691	13	3	0	55.8137	15	0	0
1.29593	DL	129	5	0	1	12	1	0	1	8691	13	3	0	55.8137	15	0	0
1.29693	DL	129	6	0	1	12	1	0	1	8691	13	3	0	55.8137	15	0	0
1.29793	DL	129	7	0	1	12	1	0	1	8691	13	3	0	55.8137	15	0	0
1.29893	DL	129	8	0	1	12	1	0	1	8691	13	3	0	55.8137	15	0	0
1.29993	DL	129	9	0	1	12	1	0	1	8691	13	3	0	55.8137	15	0	0
1.30093	DL	130	0	0	1	12	1	0	1	8691	13	3	0	55.8137	15	0	0
1.30193	DL	130	1	0	1	12	1	0	1	8691	13	3	0	55.8137	15	0	0
1.30293	DL	130	2	0	1	12	1	0	1	8691	13	3	0	55.8137	15	0	0
1.30393	DL	130	3	0	1	12	1	0	1	8691	13	3	0	55.8137	15	0	0
1.30493	DL	130	4	0	1	12	1	0	1	8691	13	3	0	55.8137	15	0	0
1.30593	DL	130	5	0	1	12	1	0	1	8691	13	3	0	55.8137	15	0	0
1.30693	DL	130	6	0	1	12	1	0	1	8691	13	3	0	55.8137	15	0	0
1.30793	DL	130	7	0	1	12	1	0	1	8691	13	3	0	55.8137	15	0	0
1.30893	DL	130	8	0	1	12	1	0	1	8691	13	3	0	55.8137	15	0	0
1.30993	DL	130	9	0	1	12	1	0	1	8691	13	3	0	55.8137	15	0	0
1.31093	DL	131	0	0	1	12	1	0	1	8691	13	3	0	55.8137	15	0	0
1.31193	DL	131	1	0	1	12	1	0	1	8691	13	3	0	55.8137	15	0	0
1.31293	DL	131	2	0	1	12	1	0	1	8691	13	3	0	55.8137	15	0	0
1.31393	DL	131	3	0	1	12	1	0	1	8691	13	3	0	55.8137	15	0	0
1.31493	DL	131	4	0	1	12	1	0	1	8691	13	3	0	55.8137	15	0	0
1.31593	DL	131	5	0	1	12	1	0	1	8691	13	3	0	55.8137	15	0	0
1.31693	DL	131	6	0	1	12	1	0	1	8691	13	3	0	55.8137	15	0	0
1.31793	DL	131	7	0	1	12	1	0	1	8691	13	3	0	55.8137	15	0	0
1.31893	DL	131	8	0	1	12	1	0	1	8691	13	3	0	55.8137	15	0	0
1.31993	DL	131	9	0	1	12	1	0	1	8691	13	3	0	55.8137	15	0	0
1.32093	DL	132	0	0	1	12	1	0	1	8691	13	3	0	55.8137	15	0	0
1.32193	DL	132	1	0	1	12	1	0	1	8691	13	3	0	55.8137	15	0	0
1.32293	DL	132	2	0	1	12	1	0	1	8691	13	3	0	55.8137	15	0	0
1.32393	DL	132	3	0	1	12	1	0	1	8691	13	3	0	55.8137	15	0	0
1.32493	DL	132	4	0	1	12	1	0	1	8691	13	3	0	55.8137	15	0	0
1.32593	DL	132	5	0	1	12	1	0	1	8691	13	3	0	55.8137	15	0	0
1.32693	DL	132	6	0	1	12	1	0	1	8691	13	3	0	55.8137	15	0	0
1.32793	DL	132	7	0	1	12	1	0	1	8691	13	3	0	55.8137	15	0	0
1.32893	DL	132	8	0	1	12	1	0	1	8691	13	3	0	55.8137	15	0	0
1.32993	DL	132	9	0	1	12	1	0	1	8691	13	3	0	55.8137	15	0	0
1.33086	DL	133	0	0	1	11	1	0	1	7968	13	3	0	55.8137	15	0	0
1.33193	DL	133	1	0	1	12	1	0	1	8691	13	3	0	55.8137	15	0	0
1.33293	DL	133	2	0	1	12	1	0	1	8691	13	3	0	55.8137	15	0	0
1.33393	DL	133	3	0	1	12	1	0	1	8691	13	3	0	55.8137	15	0	0
1.33493	DL	133	4	0	1	12	1	0	1	8691	13	3	0	55.8137	15	0	0
1.33593	DL	133	5	0	1	12	1	0	1	8691	13	3	0	55.8137	15	0	0
1.33693	DL	133	6	0	1	12	1	0	1	8691	13	3	0	55.8137	15	0	0
1.33793	DL	133	7	0	1	12	1	0	1	8691	13	3	0	55.8137	15	0	0
1.33893	DL	133	8	0	1	12	1	0	1	8691	13	3	0	55.8137	15	0	0
1.33993	DL	133	9	0	1	12	1	0	1	8691	13	3	0	55.8137	15	0	0
1.34093	DL	134	0	0	1	12	1	0	1	8691	13	3	0	55.8137	15	0	0
1.34193	DL	134	1	0	1	12	1	0	1	8691	13	3	0	55.8137	15	0	0
1.34293	DL	134	2	0	1	12	1	0	1	8691	13	3	0	55.8137	15	0	0
1.34393	DL	134	3	0	1	12	1	0	1	8691	13	3	0	55.8137	15	0	0
1.34493	DL	134	4	0	1	12	1	0	1	8691	13	3	0	55.8137	15	0	0
1.34593	DL	134	5	0	1	12	1	0	1	8691	13	3	0	55.8137	15	0	0
1.34693	DL	134	6	0	1	12	1	0	1	8691	13	3	0	55.8137	15	0	0
1.34793	DL	134	7	0	1	12	1	0	1	8691	13	3	0	55.8137	15	0	0
1.34893	DL	134	8	0	1	12	1	0	1	8691	13	3	0	55.8137	15	0	0
1.34993	DL	134	9	0	1	12	1	0	1	8691	13	3	0	55.8137	15	0	0
1.35093	DL	135	0	0	1	12	1	0	1	8691	13	3	0	55.8137	15	0	0
1.35193	DL	135	1	0	1	12	1	0	1	8691	13	3	0	55.8137	15	0	0
1.35293	DL	135	2	0	1	12	1	0	1	8691	13	3	0	55.8137	15	0	0
1.35393	DL	135	3	0	1	12	1	0	1	8691	13	3	0	55.8137	15	0	0
1.35493	DL	135	4	0	1	12	1	0	1	8691	13	3	0	55.8137	15	0	0
1.35593	DL	135	5	0	1	12	1	0	1	8691	13	3	0	55.8137	15	0	0
1.35693	DL	135	6	0	1	12	1	0	1	8691	13	3	0	55.8137	15	0	0
1.35793	DL	135	7	0	1	12	1	0	1	8691	13	3	0	55.8137	15	0	0
1.35893	DL	135	8	0	1	12	1	0	1	8691	13	3	0	55.8137	15	0	0
1.35993	DL	135	9	0	1	12	1	0	1	8691	13	3	0	55.8137	15	0	0
1.36093	DL	136	0	0	1	12	1	0	1	8691	13	3	0	55.8137	15	0	0
1.36193	DL	136	1	0	1	12	1	0	1	8691	13	3	0	55.8137	15	0	0
1.36293	DL	136	2	0	1	12	1	0	1	8691	13	3	0	55.8137	15	0	0
1.36393	DL	136	3	0	1	12	1	0	1	8691	13	3	0	55.8137	15	0	0
1.36493	DL	136	4	0	1	12	1	0	1	8691	13	3	0	55.8137	15	0	0
1.36593	DL	136	5	0	1	12	1	0	1	8691	13	3	0	55.8137	15	0	0
1.36693	DL	136	6	0	1	12	1	0	1	8691	13	3	0	55.8137	15	0	0
1.36793	DL	136	7	0	1	12	1	0	1	8691	13	3	0	55.8137	15	0	0
1.36893	DL	136	8	0	1	12	1	0	1	8691	13	3	0	55.8137	15	0	0
1.36993	DL	136	9	0	1	12	1	0	1	8691	13	3	0	55.8137	15	0	0
1.37093	DL	137	0	0	1	12	1	0	1	8691	13	3	0	55.8137	15	0	0
1.37193	DL	137	1	0	1	12	1	0	1	8691	13	3	0	55.8137	15	0	0
1.37293	DL	137	2	0	1	12	1	0	1	8691	13	3	0	55.8137	15	0	0
1.37393	DL	137	3	0	1	12	1	0	1	8691	13	3	0	55.8137	15	0	0
1.37493	DL	137	4	0	1	12	1	0	1	8691	13	3	0	55.8137	15	0	0
1.37593	DL	137	5	0	1	12	1	0	1	8691	13	3	0	55.8137	15	0	0
1.37693	DL	137	6	0	1	12	1	0	1	8691	13	3	0	55.8137	15	0	0
1.37793	DL	137	7	0	1	12	1	0	1	8691	13	3	0	55.8137	15	0	0
1.37893	DL	137	8	0	1	12	1	0	1	8691	13	3	0	55.8137	15	0	0
1.37993	DL	137	9	0	1	12	1	0	1	8691	13	3	0	55.8137	15	0	0
1.38093	DL	138	0	0	1	12	1	0	1	8691	13	3	0	55.8137	15	0	0
1.38193	DL	138	1	0	1	12	1	0	1	8691	13	3	0	55.8137	15	0	0
1.38293	DL	138	2	0	1	12	1	0	1	8691	13	3	0	55.8137	15	0	0
1.38393	DL	138	3	0	1	12	1	0	1	8691	13	3	0	55.8137	15	0	0
1.38493	DL	138	4	0	1	12	1	0	1	8691	13	3	0	55.8137	15	0	0
1.38593	DL	138	5	0	1	12	1	0	1	8691	13	3	0	55.8137	15	0	0
1.38693	DL	138	6	0	1	12	1	0	1	8691	13	3	0	55.8137	15	0	0
1.38793	DL	138	7	0	1	12	1	0	1	8691	13	3	0	55.8137	15	0	0
1.38893	DL	138	8	0	1	12	1	0	1	8691	13	3	0	55.8137	15	0	0
1.38993	DL	138	9	0	1	12	1	0	1	8691	13	3	0	55.8137	15	0	0
1.39093	DL	139	0	0	1	12	1	0	1	8691	13	3	0	55.8137	15	0	0
1.39193	DL	139	1	0	1	12	1	0	1	8691	13	3	0	55.8137	15	0	0
1.39293	DL	139	2	0	1	12	1	0	1	8691	13	3	0	55.8137	15	0	0
1.39393	DL	139	3	0	1	12	1	0	1	8691	13	3	0	55.8137	15	0	0
1.39493	DL	139	4	0	1	12	1	0	1	8691	13	3	0	55.8137	15	0	0
1.39593	DL	139	5	0	1	12	1	0	1	8691	13	3	0	55.8137	15	0	0
1.39693	DL	139	6	0	1	12	1	0	1	8691	13	3	0	55.8137	15	0	0
1.39793	DL	139	7	0	1	12	1	0	1	8691	13	3	0	55.8137	15	0	0
1.39893	DL	139	8	0	1	12	1	0	1	8691	13	3	0	55.8137	15	0	0
1.39993	DL	139	9	0	1	12	1	0	1	8691	13	3	0	55.8137	15	0	0
