Time(sec)	CellId	BwpId	IMSI	pathLoss(dB)
0.0179286	1	0	1	-98.2692
0.0508571	1	0	1	-98.2692
0.130857	1	0	1	-98.2692
0.210857	1	0	1	-98.2692
0.290857	1	0	1	-98.2692
0.370857	1	0	1	-98.2692
0.405929	1	0	1	-98.2692
0.406929	1	0	1	-98.2692
0.407929	1	0	1	-98.2692
0.408929	1	0	1	-98.2692
0.409929	1	0	1	-98.2692
0.410929	1	0	1	-98.2692
0.411929	1	0	1	-98.2692
0.412929	1	0	1	-98.2692
0.413929	1	0	1	-98.2692
0.414929	1	0	1	-98.2692
0.415929	1	0	1	-98.2692
0.416929	1	0	1	-98.2692
0.417929	1	0	1	-98.2692
0.418929	1	0	1	-98.2692
0.419929	1	0	1	-98.2692
0.420929	1	0	1	-98.2692
0.421929	1	0	1	-98.2692
0.422929	1	0	1	-98.2692
0.423929	1	0	1	-98.2692
0.424929	1	0	1	-98.2692
0.425929	1	0	1	-98.2692
0.426929	1	0	1	-98.2692
0.427929	1	0	1	-98.2692
0.428929	1	0	1	-98.2692
0.429929	1	0	1	-98.2692
0.430929	1	0	1	-98.2692
0.431929	1	0	1	-98.2692
0.432929	1	0	1	-98.2692
0.433929	1	0	1	-98.2692
0.434929	1	0	1	-98.2692
0.435929	1	0	1	-98.2692
0.436929	1	0	1	-98.2692
0.437929	1	0	1	-98.2692
0.438929	1	0	1	-98.2692
0.439929	1	0	1	-98.2692
0.440929	1	0	1	-98.2692
0.441929	1	0	1	-98.2692
0.442929	1	0	1	-98.2692
0.443929	1	0	1	-98.2692
0.444929	1	0	1	-98.2692
0.445929	1	0	1	-98.2692
0.446929	1	0	1	-98.2692
0.447929	1	0	1	-98.2692
0.448929	1	0	1	-98.2692
0.449929	1	0	1	-98.2692
0.450857	1	0	1	-98.2692
0.450929	1	0	1	-98.2692
0.451929	1	0	1	-98.2692
0.452929	1	0	1	-98.2692
0.453929	1	0	1	-98.2692
0.454929	1	0	1	-98.2692
0.455929	1	0	1	-98.2692
0.456929	1	0	1	-98.2692
0.457929	1	0	1	-98.2692
0.458929	1	0	1	-98.2692
0.459929	1	0	1	-98.2692
0.460929	1	0	1	-98.2692
0.461929	1	0	1	-98.2692
0.462929	1	0	1	-98.2692
0.463929	1	0	1	-98.2692
0.464929	1	0	1	-98.2692
0.465929	1	0	1	-98.2692
0.466929	1	0	1	-98.2692
0.467929	1	0	1	-98.2692
0.468929	1	0	1	-98.2692
0.469929	1	0	1	-98.2692
0.470929	1	0	1	-98.2692
0.471929	1	0	1	-98.2692
0.472929	1	0	1	-98.2692
0.473929	1	0	1	-98.2692
0.474929	1	0	1	-98.2692
0.475929	1	0	1	-98.2692
0.476929	1	0	1	-98.2692
0.477929	1	0	1	-98.2692
0.478929	1	0	1	-98.2692
0.479929	1	0	1	-98.2692
0.480929	1	0	1	-98.2692
0.481929	1	0	1	-98.2692
0.482929	1	0	1	-98.2692
0.483929	1	0	1	-98.2692
0.484929	1	0	1	-98.2692
0.485929	1	0	1	-98.2692
0.486929	1	0	1	-98.2692
0.487929	1	0	1	-98.2692
0.488929	1	0	1	-98.2692
0.489929	1	0	1	-98.2692
0.490929	1	0	1	-98.2692
0.491929	1	0	1	-98.2692
0.492929	1	0	1	-98.2692
0.493929	1	0	1	-98.2692
0.494929	1	0	1	-98.2692
0.495929	1	0	1	-98.2692
0.496929	1	0	1	-98.2692
0.497929	1	0	1	-98.2692
0.498929	1	0	1	-98.2692
0.499929	1	0	1	-98.2692
0.500929	1	0	1	-98.2692
0.501929	1	0	1	-98.2692
0.502929	1	0	1	-98.2692
0.503929	1	0	1	-98.2692
0.504929	1	0	1	-98.2692
0.505929	1	0	1	-98.2692
0.506929	1	0	1	-98.2692
0.507929	1	0	1	-98.2692
0.508929	1	0	1	-98.2692
0.509929	1	0	1	-98.2692
0.510929	1	0	1	-98.2692
0.511929	1	0	1	-98.2692
0.512929	1	0	1	-98.2692
0.513929	1	0	1	-98.2692
0.514929	1	0	1	-98.2692
0.515929	1	0	1	-98.2692
0.516929	1	0	1	-98.2692
0.517929	1	0	1	-98.2692
0.518929	1	0	1	-98.2692
0.519929	1	0	1	-98.2692
0.520929	1	0	1	-98.2692
0.521929	1	0	1	-98.2692
0.522929	1	0	1	-98.2692
0.523929	1	0	1	-98.2692
0.524929	1	0	1	-98.2692
0.525929	1	0	1	-98.2692
0.526929	1	0	1	-98.2692
0.527929	1	0	1	-98.2692
0.528929	1	0	1	-98.2692
0.529929	1	0	1	-98.2692
0.530857	1	0	1	-98.2692
0.530929	1	0	1	-98.2692
0.531929	1	0	1	-98.2692
0.532929	1	0	1	-98.2692
0.533929	1	0	1	-98.2692
0.534929	1	0	1	-98.2692
0.535929	1	0	1	-98.2692
0.536929	1	0	1	-98.2692
0.537929	1	0	1	-98.2692
0.538929	1	0	1	-98.2692
0.539929	1	0	1	-98.2692
0.540929	1	0	1	-98.2692
0.541929	1	0	1	-98.2692
0.542929	1	0	1	-98.2692
0.543929	1	0	1	-98.2692
0.544929	1	0	1	-98.2692
0.545929	1	0	1	-98.2692
0.546929	1	0	1	-98.2692
0.547929	1	0	1	-98.2692
0.548929	1	0	1	-98.2692
0.549929	1	0	1	-98.2692
0.550929	1	0	1	-98.2692
0.551929	1	0	1	-98.2692
0.552929	1	0	1	-98.2692
0.553929	1	0	1	-98.2692
0.554929	1	0	1	-98.2692
0.555929	1	0	1	-98.2692
0.556929	1	0	1	-98.2692
0.557929	1	0	1	-98.2692
0.558929	1	0	1	-98.2692
0.559929	1	0	1	-98.2692
0.560929	1	0	1	-98.2692
0.561929	1	0	1	-98.2692
0.562929	1	0	1	-98.2692
0.563929	1	0	1	-98.2692
0.564929	1	0	1	-98.2692
0.565929	1	0	1	-98.2692
0.566929	1	0	1	-98.2692
0.567929	1	0	1	-98.2692
0.568929	1	0	1	-98.2692
0.569929	1	0	1	-98.2692
0.570929	1	0	1	-98.2692
0.571929	1	0	1	-98.2692
0.572929	1	0	1	-98.2692
0.573929	1	0	1	-98.2692
0.574929	1	0	1	-98.2692
0.575929	1	0	1	-98.2692
0.576929	1	0	1	-98.2692
0.577929	1	0	1	-98.2692
0.578929	1	0	1	-98.2692
0.579929	1	0	1	-98.2692
0.580929	1	0	1	-98.2692
0.581929	1	0	1	-98.2692
0.582929	1	0	1	-98.2692
0.583929	1	0	1	-98.2692
0.584929	1	0	1	-98.2692
0.585929	1	0	1	-98.2692
0.586929	1	0	1	-98.2692
0.587929	1	0	1	-98.2692
0.588929	1	0	1	-98.2692
0.589929	1	0	1	-98.2692
0.590929	1	0	1	-98.2692
0.591929	1	0	1	-98.2692
0.592929	1	0	1	-98.2692
0.593929	1	0	1	-98.2692
0.594929	1	0	1	-98.2692
0.595929	1	0	1	-98.2692
0.596929	1	0	1	-98.2692
0.597929	1	0	1	-98.2692
0.598929	1	0	1	-98.2692
0.599929	1	0	1	-98.2692
0.600929	1	0	1	-98.2692
0.601929	1	0	1	-98.2692
0.602929	1	0	1	-98.2692
0.603929	1	0	1	-98.2692
0.604929	1	0	1	-98.2692
0.605929	1	0	1	-98.2692
0.606929	1	0	1	-98.2692
0.607929	1	0	1	-98.2692
0.608929	1	0	1	-98.2692
0.609929	1	0	1	-98.2692
0.610857	1	0	1	-98.2692
0.610929	1	0	1	-98.2692
0.611929	1	0	1	-98.2692
0.612929	1	0	1	-98.2692
0.613929	1	0	1	-98.2692
0.614929	1	0	1	-98.2692
0.615929	1	0	1	-98.2692
0.616929	1	0	1	-98.2692
0.617929	1	0	1	-98.2692
0.618929	1	0	1	-98.2692
0.619929	1	0	1	-98.2692
0.620929	1	0	1	-98.2692
0.621929	1	0	1	-98.2692
0.622929	1	0	1	-98.2692
0.623929	1	0	1	-98.2692
0.624929	1	0	1	-98.2692
0.625929	1	0	1	-98.2692
0.626929	1	0	1	-98.2692
0.627929	1	0	1	-98.2692
0.628929	1	0	1	-98.2692
0.629929	1	0	1	-98.2692
0.630929	1	0	1	-98.2692
0.631929	1	0	1	-98.2692
0.632929	1	0	1	-98.2692
0.633929	1	0	1	-98.2692
0.634929	1	0	1	-98.2692
0.635929	1	0	1	-98.2692
0.636929	1	0	1	-98.2692
0.637929	1	0	1	-98.2692
0.638929	1	0	1	-98.2692
0.639929	1	0	1	-98.2692
0.640929	1	0	1	-98.2692
0.641929	1	0	1	-98.2692
0.642929	1	0	1	-98.2692
0.643929	1	0	1	-98.2692
0.644929	1	0	1	-98.2692
0.645929	1	0	1	-98.2692
0.646929	1	0	1	-98.2692
0.647929	1	0	1	-98.2692
0.648929	1	0	1	-98.2692
0.649929	1	0	1	-98.2692
0.650929	1	0	1	-98.2692
0.651929	1	0	1	-98.2692
0.652929	1	0	1	-98.2692
0.653929	1	0	1	-98.2692
0.654929	1	0	1	-98.2692
0.655929	1	0	1	-98.2692
0.656929	1	0	1	-98.2692
0.657929	1	0	1	-98.2692
0.658929	1	0	1	-98.2692
0.659929	1	0	1	-98.2692
0.660929	1	0	1	-98.2692
0.661929	1	0	1	-98.2692
0.662929	1	0	1	-98.2692
0.663929	1	0	1	-98.2692
0.664929	1	0	1	-98.2692
0.665929	1	0	1	-98.2692
0.666929	1	0	1	-98.2692
0.667929	1	0	1	-98.2692
0.668929	1	0	1	-98.2692
0.669929	1	0	1	-98.2692
0.670929	1	0	1	-98.2692
0.671929	1	0	1	-98.2692
0.672929	1	0	1	-98.2692
0.673929	1	0	1	-98.2692
0.674929	1	0	1	-98.2692
0.675929	1	0	1	-98.2692
0.676929	1	0	1	-98.2692
0.677929	1	0	1	-98.2692
0.678929	1	0	1	-98.2692
0.679929	1	0	1	-98.2692
0.680929	1	0	1	-98.2692
0.681929	1	0	1	-98.2692
0.682929	1	0	1	-98.2692
0.683929	1	0	1	-98.2692
0.684929	1	0	1	-98.2692
0.685929	1	0	1	-98.2692
0.686929	1	0	1	-98.2692
0.687929	1	0	1	-98.2692
0.688929	1	0	1	-98.2692
0.689929	1	0	1	-98.2692
0.690857	1	0	1	-98.2692
0.690929	1	0	1	-98.2692
0.691929	1	0	1	-98.2692
0.692929	1	0	1	-98.2692
0.693929	1	0	1	-98.2692
0.694929	1	0	1	-98.2692
0.695929	1	0	1	-98.2692
0.696929	1	0	1	-98.2692
0.697929	1	0	1	-98.2692
0.698929	1	0	1	-98.2692
0.699929	1	0	1	-98.2692
0.700929	1	0	1	-98.2692
0.701929	1	0	1	-98.2692
0.702929	1	0	1	-98.2692
0.703929	1	0	1	-98.2692
0.704929	1	0	1	-98.2692
0.705929	1	0	1	-98.2692
0.706929	1	0	1	-98.2692
0.707929	1	0	1	-98.2692
0.708929	1	0	1	-98.2692
0.709929	1	0	1	-98.2692
0.710929	1	0	1	-98.2692
0.711929	1	0	1	-98.2692
0.712929	1	0	1	-98.2692
0.713929	1	0	1	-98.2692
0.714929	1	0	1	-98.2692
0.715929	1	0	1	-98.2692
0.716929	1	0	1	-98.2692
0.717929	1	0	1	-98.2692
0.718929	1	0	1	-98.2692
0.719929	1	0	1	-98.2692
0.720929	1	0	1	-98.2692
0.721929	1	0	1	-98.2692
0.722929	1	0	1	-98.2692
0.723929	1	0	1	-98.2692
0.724929	1	0	1	-98.2692
0.725929	1	0	1	-98.2692
0.726929	1	0	1	-98.2692
0.727929	1	0	1	-98.2692
0.728929	1	0	1	-98.2692
0.729929	1	0	1	-98.2692
0.730929	1	0	1	-98.2692
0.731929	1	0	1	-98.2692
0.732929	1	0	1	-98.2692
0.733929	1	0	1	-98.2692
0.734929	1	0	1	-98.2692
0.735929	1	0	1	-98.2692
0.736929	1	0	1	-98.2692
0.737929	1	0	1	-98.2692
0.738929	1	0	1	-98.2692
0.739929	1	0	1	-98.2692
0.740929	1	0	1	-98.2692
0.741929	1	0	1	-98.2692
0.742929	1	0	1	-98.2692
0.743929	1	0	1	-98.2692
0.744929	1	0	1	-98.2692
0.745929	1	0	1	-98.2692
0.746929	1	0	1	-98.2692
0.747929	1	0	1	-98.2692
0.748929	1	0	1	-98.2692
0.749929	1	0	1	-98.2692
0.750929	1	0	1	-98.2692
0.751929	1	0	1	-98.2692
0.752929	1	0	1	-98.2692
0.753929	1	0	1	-98.2692
0.754929	1	0	1	-98.2692
0.755929	1	0	1	-98.2692
0.756929	1	0	1	-98.2692
0.757929	1	0	1	-98.2692
0.758929	1	0	1	-98.2692
0.759929	1	0	1	-98.2692
0.760929	1	0	1	-98.2692
0.761929	1	0	1	-98.2692
0.762929	1	0	1	-98.2692
0.763929	1	0	1	-98.2692
0.764929	1	0	1	-98.2692
0.765929	1	0	1	-98.2692
0.766929	1	0	1	-98.2692
0.767929	1	0	1	-98.2692
0.768929	1	0	1	-98.2692
0.769929	1	0	1	-98.2692
0.770857	1	0	1	-98.2692
0.770929	1	0	1	-98.2692
0.771929	1	0	1	-98.2692
0.772929	1	0	1	-98.2692
0.773929	1	0	1	-98.2692
0.774929	1	0	1	-98.2692
0.775929	1	0	1	-98.2692
0.776929	1	0	1	-98.2692
0.777929	1	0	1	-98.2692
0.778929	1	0	1	-98.2692
0.779929	1	0	1	-98.2692
0.780929	1	0	1	-98.2692
0.781929	1	0	1	-98.2692
0.782929	1	0	1	-98.2692
0.783929	1	0	1	-98.2692
0.784929	1	0	1	-98.2692
0.785929	1	0	1	-98.2692
0.786929	1	0	1	-98.2692
0.787929	1	0	1	-98.2692
0.788929	1	0	1	-98.2692
0.789929	1	0	1	-98.2692
0.790929	1	0	1	-98.2692
0.791929	1	0	1	-98.2692
0.792929	1	0	1	-98.2692
0.793929	1	0	1	-98.2692
0.794929	1	0	1	-98.2692
0.795929	1	0	1	-98.2692
0.796929	1	0	1	-98.2692
0.797929	1	0	1	-98.2692
0.798929	1	0	1	-98.2692
0.799929	1	0	1	-98.2692
0.800929	1	0	1	-98.2692
0.801929	1	0	1	-98.2692
0.802929	1	0	1	-98.2692
0.803929	1	0	1	-98.2692
0.804929	1	0	1	-98.2692
0.805929	1	0	1	-98.2692
0.806929	1	0	1	-98.2692
0.807929	1	0	1	-98.2692
0.808929	1	0	1	-98.2692
0.809929	1	0	1	-98.2692
0.810929	1	0	1	-98.2692
0.811929	1	0	1	-98.2692
0.812929	1	0	1	-98.2692
0.813929	1	0	1	-98.2692
0.814929	1	0	1	-98.2692
0.815929	1	0	1	-98.2692
0.816929	1	0	1	-98.2692
0.817929	1	0	1	-98.2692
0.818929	1	0	1	-98.2692
0.819929	1	0	1	-98.2692
0.820929	1	0	1	-98.2692
0.821929	1	0	1	-98.2692
0.822929	1	0	1	-98.2692
0.823929	1	0	1	-98.2692
0.824929	1	0	1	-98.2692
0.825929	1	0	1	-98.2692
0.826929	1	0	1	-98.2692
0.827929	1	0	1	-98.2692
0.828929	1	0	1	-98.2692
0.829929	1	0	1	-98.2692
0.830929	1	0	1	-98.2692
0.831929	1	0	1	-98.2692
0.832929	1	0	1	-98.2692
0.833929	1	0	1	-98.2692
0.834929	1	0	1	-98.2692
0.835929	1	0	1	-98.2692
0.836929	1	0	1	-98.2692
0.837929	1	0	1	-98.2692
0.838929	1	0	1	-98.2692
0.839929	1	0	1	-98.2692
0.840929	1	0	1	-98.2692
0.841929	1	0	1	-98.2692
0.842929	1	0	1	-98.2692
0.843929	1	0	1	-98.2692
0.844929	1	0	1	-98.2692
0.845929	1	0	1	-98.2692
0.846929	1	0	1	-98.2692
0.847929	1	0	1	-98.2692
0.848929	1	0	1	-98.2692
0.849929	1	0	1	-98.2692
0.850857	1	0	1	-98.2692
0.850929	1	0	1	-98.2692
0.851929	1	0	1	-98.2692
0.852929	1	0	1	-98.2692
0.853929	1	0	1	-98.2692
0.854929	1	0	1	-98.2692
0.855929	1	0	1	-98.2692
0.856929	1	0	1	-98.2692
0.857929	1	0	1	-98.2692
0.858929	1	0	1	-98.2692
0.859929	1	0	1	-98.2692
0.860929	1	0	1	-98.2692
0.861929	1	0	1	-98.2692
0.862929	1	0	1	-98.2692
0.863929	1	0	1	-98.2692
0.864929	1	0	1	-98.2692
0.865929	1	0	1	-98.2692
0.866929	1	0	1	-98.2692
0.867929	1	0	1	-98.2692
0.868929	1	0	1	-98.2692
0.869929	1	0	1	-98.2692
0.870929	1	0	1	-98.2692
0.871929	1	0	1	-98.2692
0.872929	1	0	1	-98.2692
0.873929	1	0	1	-98.2692
0.874929	1	0	1	-98.2692
0.875929	1	0	1	-98.2692
0.876929	1	0	1	-98.2692
0.877929	1	0	1	-98.2692
0.878929	1	0	1	-98.2692
0.879929	1	0	1	-98.2692
0.880929	1	0	1	-98.2692
0.881929	1	0	1	-98.2692
0.882929	1	0	1	-98.2692
0.883929	1	0	1	-98.2692
0.884929	1	0	1	-98.2692
0.885929	1	0	1	-98.2692
0.886929	1	0	1	-98.2692
0.887929	1	0	1	-98.2692
0.888929	1	0	1	-98.2692
0.889929	1	0	1	-98.2692
0.890929	1	0	1	-98.2692
0.891929	1	0	1	-98.2692
0.892929	1	0	1	-98.2692
0.893929	1	0	1	-98.2692
0.894929	1	0	1	-98.2692
0.895929	1	0	1	-98.2692
0.896929	1	0	1	-98.2692
0.897929	1	0	1	-98.2692
0.898929	1	0	1	-98.2692
0.899929	1	0	1	-98.2692
0.900929	1	0	1	-98.2692
0.901929	1	0	1	-98.2692
0.902929	1	0	1	-98.2692
0.903929	1	0	1	-98.2692
0.904929	1	0	1	-98.2692
0.905929	1	0	1	-98.2692
0.906929	1	0	1	-98.2692
0.907929	1	0	1	-98.2692
0.908929	1	0	1	-98.2692
0.909929	1	0	1	-98.2692
0.910929	1	0	1	-98.2692
0.911929	1	0	1	-98.2692
0.912929	1	0	1	-98.2692
0.913929	1	0	1	-98.2692
0.914929	1	0	1	-98.2692
0.915929	1	0	1	-98.2692
0.916929	1	0	1	-98.2692
0.917929	1	0	1	-98.2692
0.918929	1	0	1	-98.2692
0.919929	1	0	1	-98.2692
0.920929	1	0	1	-98.2692
0.921929	1	0	1	-98.2692
0.922929	1	0	1	-98.2692
0.923929	1	0	1	-98.2692
0.924929	1	0	1	-98.2692
0.925929	1	0	1	-98.2692
0.926929	1	0	1	-98.2692
0.927929	1	0	1	-98.2692
0.928929	1	0	1	-98.2692
0.929929	1	0	1	-98.2692
0.930857	1	0	1	-98.2692
0.930929	1	0	1	-98.2692
0.931929	1	0	1	-98.2692
0.932929	1	0	1	-98.2692
0.933929	1	0	1	-98.2692
0.934929	1	0	1	-98.2692
0.935929	1	0	1	-98.2692
0.936929	1	0	1	-98.2692
0.937929	1	0	1	-98.2692
0.938929	1	0	1	-98.2692
0.939929	1	0	1	-98.2692
0.940929	1	0	1	-98.2692
0.941929	1	0	1	-98.2692
0.942929	1	0	1	-98.2692
0.943929	1	0	1	-98.2692
0.944929	1	0	1	-98.2692
0.945929	1	0	1	-98.2692
0.946929	1	0	1	-98.2692
0.947929	1	0	1	-98.2692
0.948929	1	0	1	-98.2692
0.949929	1	0	1	-98.2692
0.950929	1	0	1	-98.2692
0.951929	1	0	1	-98.2692
0.952929	1	0	1	-98.2692
0.953929	1	0	1	-98.2692
0.954929	1	0	1	-98.2692
0.955929	1	0	1	-98.2692
0.956929	1	0	1	-98.2692
0.957929	1	0	1	-98.2692
0.958929	1	0	1	-98.2692
0.959929	1	0	1	-98.2692
0.960929	1	0	1	-98.2692
0.961929	1	0	1	-98.2692
0.962929	1	0	1	-98.2692
0.963929	1	0	1	-98.2692
0.964929	1	0	1	-98.2692
0.965929	1	0	1	-98.2692
0.966929	1	0	1	-98.2692
0.967929	1	0	1	-98.2692
0.968929	1	0	1	-98.2692
0.969929	1	0	1	-98.2692
0.970929	1	0	1	-98.2692
0.971929	1	0	1	-98.2692
0.972929	1	0	1	-98.2692
0.973929	1	0	1	-98.2692
0.974929	1	0	1	-98.2692
0.975929	1	0	1	-98.2692
0.976929	1	0	1	-98.2692
0.977929	1	0	1	-98.2692
0.978929	1	0	1	-98.2692
0.979929	1	0	1	-98.2692
0.980929	1	0	1	-98.2692
0.981929	1	0	1	-98.2692
0.982929	1	0	1	-98.2692
0.983929	1	0	1	-98.2692
0.984929	1	0	1	-98.2692
0.985929	1	0	1	-98.2692
0.986929	1	0	1	-98.2692
0.987929	1	0	1	-98.2692
0.988929	1	0	1	-98.2692
0.989929	1	0	1	-98.2692
0.990929	1	0	1	-98.2692
0.991929	1	0	1	-98.2692
0.992929	1	0	1	-98.2692
0.993929	1	0	1	-98.2692
0.994929	1	0	1	-98.2692
0.995929	1	0	1	-98.2692
0.996929	1	0	1	-98.2692
0.997929	1	0	1	-98.2692
0.998929	1	0	1	-98.2692
0.999929	1	0	1	-98.2692
1.00093	1	0	1	-98.2692
1.00193	1	0	1	-98.2692
1.00293	1	0	1	-98.2692
1.00393	1	0	1	-98.2692
1.00493	1	0	1	-98.2692
1.00593	1	0	1	-98.2692
1.00693	1	0	1	-98.2692
1.00793	1	0	1	-98.2692
1.00893	1	0	1	-98.2692
1.00993	1	0	1	-98.2692
1.01086	1	0	1	-98.2692
1.01093	1	0	1	-98.2692
1.01193	1	0	1	-98.2692
1.01293	1	0	1	-98.2692
1.01393	1	0	1	-98.2692
1.01493	1	0	1	-98.2692
1.01593	1	0	1	-98.2692
1.01693	1	0	1	-98.2692
1.01793	1	0	1	-98.2692
1.01893	1	0	1	-98.2692
1.01993	1	0	1	-98.2692
1.02093	1	0	1	-98.2692
1.02193	1	0	1	-98.2692
1.02293	1	0	1	-98.2692
1.02393	1	0	1	-98.2692
1.02493	1	0	1	-98.2692
1.02593	1	0	1	-98.2692
1.02693	1	0	1	-98.2692
1.02793	1	0	1	-98.2692
1.02893	1	0	1	-98.2692
1.02993	1	0	1	-98.2692
1.03093	1	0	1	-98.2692
1.03193	1	0	1	-98.2692
1.03293	1	0	1	-98.2692
1.03393	1	0	1	-98.2692
1.03493	1	0	1	-98.2692
1.03593	1	0	1	-98.2692
1.03693	1	0	1	-98.2692
1.03793	1	0	1	-98.2692
1.03893	1	0	1	-98.2692
1.03993	1	0	1	-98.2692
1.04093	1	0	1	-98.2692
1.04193	1	0	1	-98.2692
1.04293	1	0	1	-98.2692
1.04393	1	0	1	-98.2692
1.04493	1	0	1	-98.2692
1.04593	1	0	1	-98.2692
1.04693	1	0	1	-98.2692
1.04793	1	0	1	-98.2692
1.04893	1	0	1	-98.2692
1.04993	1	0	1	-98.2692
1.05093	1	0	1	-98.2692
1.05193	1	0	1	-98.2692
1.05293	1	0	1	-98.2692
1.05393	1	0	1	-98.2692
1.05493	1	0	1	-98.2692
1.05593	1	0	1	-98.2692
1.05693	1	0	1	-98.2692
1.05793	1	0	1	-98.2692
1.05893	1	0	1	-98.2692
1.05993	1	0	1	-98.2692
1.06093	1	0	1	-98.2692
1.06193	1	0	1	-98.2692
1.06293	1	0	1	-98.2692
1.06393	1	0	1	-98.2692
1.06493	1	0	1	-98.2692
1.06593	1	0	1	-98.2692
1.06693	1	0	1	-98.2692
1.06793	1	0	1	-98.2692
1.06893	1	0	1	-98.2692
1.06993	1	0	1	-98.2692
1.07093	1	0	1	-98.2692
1.07193	1	0	1	-98.2692
1.07293	1	0	1	-98.2692
1.07393	1	0	1	-98.2692
1.07493	1	0	1	-98.2692
1.07593	1	0	1	-98.2692
1.07693	1	0	1	-98.2692
1.07793	1	0	1	-98.2692
1.07893	1	0	1	-98.2692
1.07993	1	0	1	-98.2692
1.08093	1	0	1	-98.2692
1.08193	1	0	1	-98.2692
1.08293	1	0	1	-98.2692
1.08393	1	0	1	-98.2692
1.08493	1	0	1	-98.2692
1.08593	1	0	1	-98.2692
1.08693	1	0	1	-98.2692
1.08793	1	0	1	-98.2692
1.08893	1	0	1	-98.2692
1.08993	1	0	1	-98.2692
1.09086	1	0	1	-98.2692
1.09093	1	0	1	-98.2692
1.09193	1	0	1	-98.2692
1.09293	1	0	1	-98.2692
1.09393	1	0	1	-98.2692
1.09493	1	0	1	-98.2692
1.09593	1	0	1	-98.2692
1.09693	1	0	1	-98.2692
1.09793	1	0	1	-98.2692
1.09893	1	0	1	-98.2692
1.09993	1	0	1	-98.2692
1.10093	1	0	1	-98.2692
1.10193	1	0	1	-98.2692
1.10293	1	0	1	-98.2692
1.10393	1	0	1	-98.2692
1.10493	1	0	1	-98.2692
1.10593	1	0	1	-98.2692
1.10693	1	0	1	-98.2692
1.10793	1	0	1	-98.2692
1.10893	1	0	1	-98.2692
1.10993	1	0	1	-98.2692
1.11093	1	0	1	-98.2692
1.11193	1	0	1	-98.2692
1.11293	1	0	1	-98.2692
1.11393	1	0	1	-98.2692
1.11493	1	0	1	-98.2692
1.11593	1	0	1	-98.2692
1.11693	1	0	1	-98.2692
1.11793	1	0	1	-98.2692
1.11893	1	0	1	-98.2692
1.11993	1	0	1	-98.2692
1.12093	1	0	1	-98.2692
1.12193	1	0	1	-98.2692
1.12293	1	0	1	-98.2692
1.12393	1	0	1	-98.2692
1.12493	1	0	1	-98.2692
1.12593	1	0	1	-98.2692
1.12693	1	0	1	-98.2692
1.12793	1	0	1	-98.2692
1.12893	1	0	1	-98.2692
1.12993	1	0	1	-98.2692
1.13093	1	0	1	-98.2692
1.13193	1	0	1	-98.2692
1.13293	1	0	1	-98.2692
1.13393	1	0	1	-98.2692
1.13493	1	0	1	-98.2692
1.13593	1	0	1	-98.2692
1.13693	1	0	1	-98.2692
1.13793	1	0	1	-98.2692
1.13893	1	0	1	-98.2692
1.13993	1	0	1	-98.2692
1.14093	1	0	1	-98.2692
1.14193	1	0	1	-98.2692
1.14293	1	0	1	-98.2692
1.14393	1	0	1	-98.2692
1.14493	1	0	1	-98.2692
1.14593	1	0	1	-98.2692
1.14693	1	0	1	-98.2692
1.14793	1	0	1	-98.2692
1.14893	1	0	1	-98.2692
1.14993	1	0	1	-98.2692
1.15093	1	0	1	-98.2692
1.15193	1	0	1	-98.2692
1.15293	1	0	1	-98.2692
1.15393	1	0	1	-98.2692
1.15493	1	0	1	-98.2692
1.15593	1	0	1	-98.2692
1.15693	1	0	1	-98.2692
1.15793	1	0	1	-98.2692
1.15893	1	0	1	-98.2692
1.15993	1	0	1	-98.2692
1.16093	1	0	1	-98.2692
1.16193	1	0	1	-98.2692
1.16293	1	0	1	-98.2692
1.16393	1	0	1	-98.2692
1.16493	1	0	1	-98.2692
1.16593	1	0	1	-98.2692
1.16693	1	0	1	-98.2692
1.16793	1	0	1	-98.2692
1.16893	1	0	1	-98.2692
1.16993	1	0	1	-98.2692
1.17086	1	0	1	-98.2692
1.17093	1	0	1	-98.2692
1.17193	1	0	1	-98.2692
1.17293	1	0	1	-98.2692
1.17393	1	0	1	-98.2692
1.17493	1	0	1	-98.2692
1.17593	1	0	1	-98.2692
1.17693	1	0	1	-98.2692
1.17793	1	0	1	-98.2692
1.17893	1	0	1	-98.2692
1.17993	1	0	1	-98.2692
1.18093	1	0	1	-98.2692
1.18193	1	0	1	-98.2692
1.18293	1	0	1	-98.2692
1.18393	1	0	1	-98.2692
1.18493	1	0	1	-98.2692
1.18593	1	0	1	-98.2692
1.18693	1	0	1	-98.2692
1.18793	1	0	1	-98.2692
1.18893	1	0	1	-98.2692
1.18993	1	0	1	-98.2692
1.19093	1	0	1	-98.2692
1.19193	1	0	1	-98.2692
1.19293	1	0	1	-98.2692
1.19393	1	0	1	-98.2692
1.19493	1	0	1	-98.2692
1.19593	1	0	1	-98.2692
1.19693	1	0	1	-98.2692
1.19793	1	0	1	-98.2692
1.19893	1	0	1	-98.2692
1.19993	1	0	1	-98.2692
1.20093	1	0	1	-98.2692
1.20193	1	0	1	-98.2692
1.20293	1	0	1	-98.2692
1.20393	1	0	1	-98.2692
1.20493	1	0	1	-98.2692
1.20593	1	0	1	-98.2692
1.20693	1	0	1	-98.2692
1.20793	1	0	1	-98.2692
1.20893	1	0	1	-98.2692
1.20993	1	0	1	-98.2692
1.21093	1	0	1	-98.2692
1.21193	1	0	1	-98.2692
1.21293	1	0	1	-98.2692
1.21393	1	0	1	-98.2692
1.21493	1	0	1	-98.2692
1.21593	1	0	1	-98.2692
1.21693	1	0	1	-98.2692
1.21793	1	0	1	-98.2692
1.21893	1	0	1	-98.2692
1.21993	1	0	1	-98.2692
1.22093	1	0	1	-98.2692
1.22193	1	0	1	-98.2692
1.22293	1	0	1	-98.2692
1.22393	1	0	1	-98.2692
1.22493	1	0	1	-98.2692
1.22593	1	0	1	-98.2692
1.22693	1	0	1	-98.2692
1.22793	1	0	1	-98.2692
1.22893	1	0	1	-98.2692
1.22993	1	0	1	-98.2692
1.23093	1	0	1	-98.2692
1.23193	1	0	1	-98.2692
1.23293	1	0	1	-98.2692
1.23393	1	0	1	-98.2692
1.23493	1	0	1	-98.2692
1.23593	1	0	1	-98.2692
1.23693	1	0	1	-98.2692
1.23793	1	0	1	-98.2692
1.23893	1	0	1	-98.2692
1.23993	1	0	1	-98.2692
1.24093	1	0	1	-98.2692
1.24193	1	0	1	-98.2692
1.24293	1	0	1	-98.2692
1.24393	1	0	1	-98.2692
1.24493	1	0	1	-98.2692
1.24593	1	0	1	-98.2692
1.24693	1	0	1	-98.2692
1.24793	1	0	1	-98.2692
1.24893	1	0	1	-98.2692
1.24993	1	0	1	-98.2692
1.25086	1	0	1	-98.2692
1.25093	1	0	1	-98.2692
1.25193	1	0	1	-98.2692
1.25293	1	0	1	-98.2692
1.25393	1	0	1	-98.2692
1.25493	1	0	1	-98.2692
1.25593	1	0	1	-98.2692
1.25693	1	0	1	-98.2692
1.25793	1	0	1	-98.2692
1.25893	1	0	1	-98.2692
1.25993	1	0	1	-98.2692
1.26093	1	0	1	-98.2692
1.26193	1	0	1	-98.2692
1.26293	1	0	1	-98.2692
1.26393	1	0	1	-98.2692
1.26493	1	0	1	-98.2692
1.26593	1	0	1	-98.2692
1.26693	1	0	1	-98.2692
1.26793	1	0	1	-98.2692
1.26893	1	0	1	-98.2692
1.26993	1	0	1	-98.2692
1.27093	1	0	1	-98.2692
1.27193	1	0	1	-98.2692
1.27293	1	0	1	-98.2692
1.27393	1	0	1	-98.2692
1.27493	1	0	1	-98.2692
1.27593	1	0	1	-98.2692
1.27693	1	0	1	-98.2692
1.27793	1	0	1	-98.2692
1.27893	1	0	1	-98.2692
1.27993	1	0	1	-98.2692
1.28093	1	0	1	-98.2692
1.28193	1	0	1	-98.2692
1.28293	1	0	1	-98.2692
1.28393	1	0	1	-98.2692
1.28493	1	0	1	-98.2692
1.28593	1	0	1	-98.2692
1.28693	1	0	1	-98.2692
1.28793	1	0	1	-98.2692
1.28893	1	0	1	-98.2692
1.28993	1	0	1	-98.2692
1.29093	1	0	1	-98.2692
1.29193	1	0	1	-98.2692
1.29293	1	0	1	-98.2692
1.29393	1	0	1	-98.2692
1.29493	1	0	1	-98.2692
1.29593	1	0	1	-98.2692
1.29693	1	0	1	-98.2692
1.29793	1	0	1	-98.2692
1.29893	1	0	1	-98.2692
1.29993	1	0	1	-98.2692
1.30093	1	0	1	-98.2692
1.30193	1	0	1	-98.2692
1.30293	1	0	1	-98.2692
1.30393	1	0	1	-98.2692
1.30493	1	0	1	-98.2692
1.30593	1	0	1	-98.2692
1.30693	1	0	1	-98.2692
1.30793	1	0	1	-98.2692
1.30893	1	0	1	-98.2692
1.30993	1	0	1	-98.2692
1.31093	1	0	1	-98.2692
1.31193	1	0	1	-98.2692
1.31293	1	0	1	-98.2692
1.31393	1	0	1	-98.2692
1.31493	1	0	1	-98.2692
1.31593	1	0	1	-98.2692
1.31693	1	0	1	-98.2692
1.31793	1	0	1	-98.2692
1.31893	1	0	1	-98.2692
1.31993	1	0	1	-98.2692
1.32093	1	0	1	-98.2692
1.32193	1	0	1	-98.2692
1.32293	1	0	1	-98.2692
1.32393	1	0	1	-98.2692
1.32493	1	0	1	-98.2692
1.32593	1	0	1	-98.2692
1.32693	1	0	1	-98.2692
1.32793	1	0	1	-98.2692
1.32893	1	0	1	-98.2692
1.32993	1	0	1	-98.2692
1.33086	1	0	1	-98.2692
1.33093	1	0	1	-98.2692
1.33193	1	0	1	-98.2692
1.33293	1	0	1	-98.2692
1.33393	1	0	1	-98.2692
1.33493	1	0	1	-98.2692
1.33593	1	0	1	-98.2692
1.33693	1	0	1	-98.2692
1.33793	1	0	1	-98.2692
1.33893	1	0	1	-98.2692
1.33993	1	0	1	-98.2692
1.34093	1	0	1	-98.2692
1.34193	1	0	1	-98.2692
1.34293	1	0	1	-98.2692
1.34393	1	0	1	-98.2692
1.34493	1	0	1	-98.2692
1.34593	1	0	1	-98.2692
1.34693	1	0	1	-98.2692
1.34793	1	0	1	-98.2692
1.34893	1	0	1	-98.2692
1.34993	1	0	1	-98.2692
1.35093	1	0	1	-98.2692
1.35193	1	0	1	-98.2692
1.35293	1	0	1	-98.2692
1.35393	1	0	1	-98.2692
1.35493	1	0	1	-98.2692
1.35593	1	0	1	-98.2692
1.35693	1	0	1	-98.2692
1.35793	1	0	1	-98.2692
1.35893	1	0	1	-98.2692
1.35993	1	0	1	-98.2692
1.36093	1	0	1	-98.2692
1.36193	1	0	1	-98.2692
1.36293	1	0	1	-98.2692
1.36393	1	0	1	-98.2692
1.36493	1	0	1	-98.2692
1.36593	1	0	1	-98.2692
1.36693	1	0	1	-98.2692
1.36793	1	0	1	-98.2692
1.36893	1	0	1	-98.2692
1.36993	1	0	1	-98.2692
1.37093	1	0	1	-98.2692
1.37193	1	0	1	-98.2692
1.37293	1	0	1	-98.2692
1.37393	1	0	1	-98.2692
1.37493	1	0	1	-98.2692
1.37593	1	0	1	-98.2692
1.37693	1	0	1	-98.2692
1.37793	1	0	1	-98.2692
1.37893	1	0	1	-98.2692
1.37993	1	0	1	-98.2692
1.38093	1	0	1	-98.2692
1.38193	1	0	1	-98.2692
1.38293	1	0	1	-98.2692
1.38393	1	0	1	-98.2692
1.38493	1	0	1	-98.2692
1.38593	1	0	1	-98.2692
1.38693	1	0	1	-98.2692
1.38793	1	0	1	-98.2692
1.38893	1	0	1	-98.2692
1.38993	1	0	1	-98.2692
1.39093	1	0	1	-98.2692
1.39193	1	0	1	-98.2692
1.39293	1	0	1	-98.2692
1.39393	1	0	1	-98.2692
1.39493	1	0	1	-98.2692
1.39593	1	0	1	-98.2692
1.39693	1	0	1	-98.2692
1.39793	1	0	1	-98.2692
1.39893	1	0	1	-98.2692
1.39993	1	0	1	-98.2692
